 COMISIÓN NACIONAL DEL AGUA
 COORDINACIÓN GENERAL DEL SERVICIO METEOROLÓGICO NACIONAL
 PROYECTO DE BASES DE DATOS CLIMATOLÓGICOS

 ESTACIÓN  : 2164 
 NOMBRE    : EJIDO EL PORVENIR 



LLUVIA MÁXIMA 24H
AÑO	ENE	FEB	MAR	ABR	MAY	JUN	JUL	AGO	SEP	OCT	NOV	DIC	ACUM	PROM	MESES
1999					0	0	0	0	0	0	0	0	0	0	8
2000	4	21	18.1	10	0	6	0	0	2.5	18	8.5	2.5	90.6	7.6	12
2001	28	23	16	13	0	0	1.5	1.5	0	0	0	6	89	7.4	12
2002	6	3	13	4	0	0	0	0	12	1	14.5	21	74.5	6.2	12
2003	3	0	21	24.5	5	2	5	2	0	0	8	20	90.5	7.5	12
2004	8.5	91	18.5	10	0	0	0	0	0	125	13	30	296	24.7	12
2005	13.5	26.5	11	4.5	2	0	0	0	0.1	0.9	0	0	58.5	4.9	12
2006	8.5	7	24	20.5	15.5	1.5	6.5	0	0	4.5	3	11	102	8.5	12
2007	6	15	3	8	0	0	0	0	5	0	45	11	93	7.8	12
2008	34	27	14	0	12	0	0	2	0	1	26		116	10.5	11
2009	4	30	0	11	0	0	0	0	0	0	20	53	118	9.8	12
2010	74	46	19	22	0	0	8	2	13	38	27.5	1.5	251	20.9	12
2011	8	40	40	15	11	0	0	0	0	13	35	22	184	15.3	12
2012	8	26	44	20	0	0	0	0	18	3			119	11.9	10
2013	49	24	35	4	6	0	0	0	0	22	3	13	156	13	12
2014	6.5	13.5	22	8	0	0	0	0	0	0	3	20	73	6.1	12
2015	13	16	24		25	0	0	0	0	5	11.5	28	122.5	11.1	11
2016	37	23	20		12	0	10	0	21	1.1	16	53	193.1	17.6	11
2017	54	63	9		16	0	0	1	2				145	18.1	8
2018	30	7.5	7		0	0	0	0	0				44.5	5.6	8
2020	10	18	24.5										52.5	17.5	3
2023	37	38	38	0	0	0	0	38	0	0	17	0	168	14	12
2024	29												29	29	1
MÍNIMA	3	0	0	0	0	0	0	0	0	0	0	0	0	0	
MÁXIMA	74	91	44	24.5	25	6	10	38	21	125	45	53	296	29	
MEDIA	21.4	26.6	20.1	10.9	5	0.5	1.5	2.2	3.5	12.2	13.9	17.2	115.9	12	
DESV.ST	19.5	20.9	11.7	7.7	7.3	1.4	3.1	8.2	6.5	29.1	12.8	16.7	69.5	6.9	

LLUVIA TOTAL MENSUAL
AÑO	ENE	FEB	MAR	ABR	MAY	JUN	JUL	AGO	SEP	OCT	NOV	DIC	ACUM	PROM	MESES
1999					0	0	0	0	0	0	0	0	0	0	8
2000	6	88.4	46.1	12.5	0	9	0	0	2.51	48.5	11.5	2.5	227.01	18.9	12
2001	95	92.3	32	45.5	0	0	1.5	1.5	0	0	0	9	276.8	23.1	12
2002	6.8	3	33.5	13.5	0	0	0	0	12	1	26.5	52.5	148.8	12.4	12
2003	3	0	46	29.5	8	2	7.5	2	0	0	14	34.5	146.5	12.2	12
2004	17	182	37	20	0	0	0	0	0	312	36	70.6	674.6	56.2	12
2005	69.2	114.5	34	6	3	0	0	0	0.1	0.9	0	0	227.7	19	12
2006	13.5	19	88	35.5	15.5	1.5	6.5	0	0	6	3	26	214.5	17.9	12
2007	13.5	47.6	6.5	9	0	0	0	0	7	0	47.5	23.5	154.6	12.9	12
2008	127.5	47	14	0	12	0	0	2	0	1	47		250.5	22.8	11
2009	5.5	97	0	11	0	0	0	0	0	0	21	107.5	242	20.2	12
2010	193.5	121.5	37.5	58.5	0	0	8	2	13	46.5	36	1.5	518	43.2	12
2011	8	62	43	15	14	0	0	0	0	13	89	35.5	279.5	23.3	12
2012	11	62.5	58.5	54	0	0	0	0	18	7.3			211.3	21.1	10
2013	71.5	39	55.5	5.5	10.5	0	0	0	0	39	4	20	245	20.4	12
2014	6.5	19	42.5	8	0	0	0	0	0	0	3	73	152	12.7	12
2015	27	25.5	38		52.5	0	0	0	0	5	23.5	59.5	231	21	11
2016	93	32	30		18.5	0	10	0	25.5	1.1	27	151.5	388.6	35.3	11
2017	169	126	9		19	0	0	1	2				326	40.8	8
2018	56	25	22		0	0	0	0	0				103	12.9	8
2020	18.5	30	127										175.5	58.5	3
2023	150.51	118.2	90.01	0	0	0	0	44	0	0	46	0.01	448.73	37.4	12
2024	50												50	50	1
MÍNIMA	3	0	0	0	0	0	0	0	0	0	0	0	0	0	
MÁXIMA	193.5	182	127	58.5	52.5	9	10	44	25.5	312	89	151.5	674.6	58.5	
MEDIA	55.1	64.4	42.4	20.2	7.3	0.6	1.6	2.5	3.8	25.3	24.2	39.2	247.5	25.7	
DESV.ST	59.2	48.6	29.9	18.8	12.5	2	3.3	9.5	7.2	71.3	23.5	42.7	149.5	15.3	

EVAPORACIÓN MENSUAL
AÑO	ENE	FEB	MAR	ABR	MAY	JUN	JUL	AGO	SEP	OCT	NOV	DIC	ACUM	PROM	MESES
1999					150.2	199	229	229	218.5	169	169	87.1	1450.8	181.3	8
2000	89.4	91.6	109.1	163.5	194.95	221.7	214	239.9	184	98.2	63.9	92.5	1762.75	146.9	12
2001	67	69.5	101.5	109	171.5	208.4	209	209	210.62	191.9	130	66	1743.42	145.3	12
2002	85.7	115	119.5	109.5	214.5	216	240	157	183	123	109	64.5	1736.7	144.7	12
2003	93	96	104	124.5	159	165	185	222	166	153	76	74.5	1618	134.8	12
2004	65.5	96.5	130	154	217	189	243	205	197	113	62	78.6	1750.6	145.9	12
2005	88.2	94.6	96	128	143	184	85				47	72	937.8	104.2	9
2006	82	104.5	105.5	94.5	176.5	194.5	227.5	211	187	127	98	89	1697	141.4	12
2007	91.34	82.6	136.5	133	185	215	218	213	167	161	87.5	55.5	1745.44	145.5	12
2008	82.5	78	128	176	204	242	82	217	192	178	121		1700.5	154.6	11
2009	92.5	78	113	147	182	184	284	220	223	161	106	71.5	1862	155.2	12
2010	71	73.9	119	76.5	200	189	226	212	214	106	101.5	45.5	1634.4	136.2	12
MÍNIMA	65.5	69.5	96	76.5	143	165	82	157	166	98.2	47	45.5	937.8	104.2	
MÁXIMA	93	115	136.5	176	217	242	284	239.9	223	191.9	169	92.5	1862	181.3	
MEDIA	82.6	89.1	114.7	128.7	183.1	200.6	203.5	212.3	194.7	143.7	97.6	72.4	1636.6	144.7	
DESV.ST	10.2	14	13	30.2	24.2	20.9	60.8	20.8	19.8	31.6	33.6	14.3	241.9	17.5	

TEMPERATURA MÁXIMA EXTREMA
AÑO	ENE	FEB	MAR	ABR	MAY	JUN	JUL	AGO	SEP	OCT	NOV	DIC	ACUM	PROM	MESES
1999					32	36	37	37	40	35	39	33	289	36.1	8
2000	33	30	30	34	38	38	38	41	41	32	30	30	415	34.6	12
2001	29	32	31	30	34	37	39	39	38	42	36	31	418	34.8	12
2002	31	36	31	32	37	35	37	43	45	38	35	26	426	35.5	12
2003	33	29	32	31	37	39	40	42	42	41	31	29	426	35.5	12
2004	30	29	35	39	40	32	38	39	40	38	25	30	415	34.6	12
2005	29	23	26	30	36	33	39	42	39	37	39	32	405	33.8	12
2006	33	31	28	30	32	41	44	41	40	34	36	30	420	35	12
2007	30	35	36	33	37	39	42	42	43	39	34	32	442	36.8	12
2008	24	28	32	37	39	44	36	38	43	39	34		394	35.8	11
2009	27	17	30	23	24	36	39	43	41	37	33	27	377	31.4	12
2010	28	27	29	26	31	33	41	41	42	35	37	32	402	33.5	12
2011	30	34	28	27	28	32	30	41	37	29	26	30	372	31	12
2012	36	34	31	28	30	32	35	39	36	36			337	33.7	10
2013	24	26	30	30	37	37		38	37	32	30	25	346	31.5	11
2014	28	28	30	33	37	32	38	37	39	34	30	25	391	32.6	12
2015	27	29	32		34	36	34	40	38	35	30	21	356	32.4	11
2016	23	27	27		28	40	43	41	33	33	31	24	350	31.8	11
2017	26	27	30		32	39	34	35	32				255	31.9	8
2018	25	27	30		27	35	36	38	37				255	31.9	8
2020	24	28	26										78	26	3
2023	20	25	22	30	26	30	36	38	38	35	29	24	353	29.4	12
2024	24												24	24	1
MÍNIMA	20	17	22	23	24	30	30	35	32	29	25	21	24	24	
MÁXIMA	36	36	36	39	40	44	44	43	45	42	39	33	442	36.8	
MEDIA	27.9	28.7	29.8	30.8	33.1	36	37.8	39.8	39.1	35.8	32.5	28.3	345.5	32.8	
DESV.ST	4	4.3	3.1	4	4.7	3.6	3.3	2.2	3.2	3.3	4.1	3.5	106.7	3.1	

TEMPERATURA MÁXIMA PROMEDIO
AÑO	ENE	FEB	MAR	ABR	MAY	JUN	JUL	AGO	SEP	OCT	NOV	DIC	ACUM	PROM	MESES
1999					24	27.9	32	32	32.7	31.1	33.1	26	238.8	29.9	8
2000	23.6	21.1	21	26.9	27.4	30.6	30.8	32.9	31.9	23.8	21.6	24.2	315.8	26.3	12
2001	18.4	18	19.8	19.9	25.2	29.7	32.8	32.8	32.6	33.4	27.5	23.5	313.6	26.1	12
2002	21.2	23.5	21.8	22.5	24.7	28.3	31.6	32.1	33.7	25	26.3	19.5	310.2	25.9	12
2003	26.5	19.6	20.7	21.6	23.4	26.3	32.9	34.6	31.4	26.5	21.8	19.7	305	25.4	12
2004	19.1	18.4	23.4	24	27.6	26.2	32.7	32.4	32.3	24.9	20	19.9	300.9	25.1	12
2005	19.6	17.8	20.9	23.5	26.3	26.6	33.4	33.1	32.1	26	26	23.5	308.8	25.7	12
2006	22.4	23.4	18.5	21.8	24.8	32.2	35	32.9	32.7	27.2	25.9	22.8	319.6	26.6	12
2007	18.7	20.8	25.3	23.1	25.2	30	32.7	33.5	30.4	28.5	23.4	18.3	309.9	25.8	12
2008	16.6	19.6	23.3	25	25.4	31.1	32.5	34.5	35.3	32.2	26.3		301.8	27.4	11
2009	17	10.7	15.5	14.1	16.5	22.1	33	33.2	34.7	27.2	25.2	18.6	267.8	22.3	12
2010	21.3	18.5	20.9	21	24.6	26.4	29	32.1	32	24.1	22.9	23.3	296.1	24.7	12
2011	22.6	19.2	18.6	18.8	25.2	27	26.8	28	25.5	23	21	19.2	274.9	22.9	12
2012	28.1	27.3	25.9	24.6	25.5	27.3	31.1	34.2	32.9	27.3			284.2	28.4	10
2013	17.3	18.6	24	24.8	27.1	28.9		31.7	31.7	25.5	22.6	19.3	271.5	24.7	11
2014	22.1	21.5	22.7	25.7	29	28.8	31.6	32.3	33.1	28	23.9	19.1	317.8	26.5	12
2015	20.7	23.8	26		24.2	30.5	31.2	33.6	33.1	29.2	20.7	13.9	286.9	26.1	11
2016	15	22.6	20.7		21.9	28.6	31.3	33.8	28.4	27.2	23.6	17.6	270.7	24.6	11
2017	15.3	18.8	23		22.4	27.4	28.8	27.9	26.1				189.7	23.7	8
2018	19.7	18.5	21.3		22.6	29.7	32.3	33.7	31.5				209.3	26.2	8
2020	18.4	20.1	17.6										56.1	18.7	3
2023	15.7	16.2	16.7	19.8	22.4	22.5	32.2	30.9	27.5	28.8	23.7	18.9	275.3	22.9	12
2024	18												18	18	1
MÍNIMA	15	10.7	15.5	14.1	16.5	22.1	26.8	27.9	25.5	23	20	13.9	18	18	
MÁXIMA	28.1	27.3	26	26.9	29	32.2	35	34.6	35.3	33.4	33.1	26	319.6	29.9	
MEDIA	19.9	19.9	21.3	22.3	24.5	28	31.7	32.5	31.5	27.3	24.2	20.4	262.7	25	
DESV.ST	3.4	3.3	2.9	3.2	2.6	2.5	1.8	1.8	2.6	2.8	3.1	3	78.9	2.7	

TEMPERATURA MÍNIMA EXTREMA
AÑO	ENE	FEB	MAR	ABR	MAY	JUN	JUL	AGO	SEP	OCT	NOV	DIC	ACUM	PROM	MESES
1999					3	5	9	9	8	7	3	1	45	5.6	8
2000	-2	0	1	2	4	7	7	11	7	5	-1	-3	38	3.2	12
2001	-2	-1	3	2	6	8	6	6	8	9	7	3	55	4.6	12
2002	-3	-2	1	2	3	7	10	9	9	6	2	-1	43	3.6	12
2003	3	2	3	1	3	9	10	9	8	3	1	-2	50	4.2	12
2004	-2	1	2	3	6	6	7	9	8	6	0	-3	43	3.6	12
2005	1	3	1	2	4	7	8	9	5	4	3	1	48	4	12
2006	-2	-5	2	3	8	8	10	7	6	5	2	-3	41	3.4	12
2007	-4	0	1	3	7	8	8	10	7	4	2	0	46	3.8	12
2008	-2	-1	1	-1	4	8	12	10	8	6	3		48	4.4	11
2009	-1	0	1	2	8	6	9	10	10	0	2	2	49	4.1	12
2010	4	4	3	4	4	7	11	8	7	9	0	4	65	5.4	12
2011	2	-3	-3	2	3	5	9	10	8	1	3	-3	34	2.8	12
2012	1	2	5	7	7	8	12	16	16	11			85	8.5	10
2013	2	4	6	9	12	14		12	13	9	9	6	96	8.7	11
2014	6	5	10	8	12	14	18	15	15	10	9	5	127	10.6	12
2015	3	9	6	9	12	12	16	16	17	14	6	-3	117	9.8	12
2016	-1	10	10	12	12	15	18	15	12	12	9	5	129	10.8	12
2017	4	5	7	9	10	14	17	17	16				99	11	9
2018	9	2	4	8	11	11	14	16	13				88	9.8	9
2020	3	3	5										11	3.7	3
2023	3	3	2	7	8	10	14	15	11	11	7	5	96	8	12
2024	4												4	4	1
MÍNIMA	-4	-5	-3	-1	3	5	6	6	5	0	-1	-3	4	2.8	
MÁXIMA	9	10	10	12	12	15	18	17	17	14	9	6	129	11	
MEDIA	1.2	2	3.4	4.7	7	9	11.2	11.4	10.1	6.9	3.7	0.8	63.3	6	
DESV.ST	3.3	3.6	3.2	3.6	3.4	3.1	3.8	3.4	3.6	3.8	3.3	3.4	34.6	2.9	

TEMPERATURA MÍNIMA PROMEDIO
AÑO	ENE	FEB	MAR	ABR	MAY	JUN	JUL	AGO	SEP	OCT	NOV	DIC	ACUM	PROM	MESES
1999					9.1	9.5	13.7	13.7	12.3	12.1	9.1	5.8	85.3	10.7	8
2000	5.3	6.1	5.7	7.2	9.6	12	12	14.9	13.4	9.9	3.8	3.9	103.8	8.7	12
2001	3.5	4.6	8	7	11	11.3	11.4	11.4	13.3	12.6	10.1	7.3	111.5	9.3	12
2002	2.8	4	5	8	9.4	10.5	13.5	12.6	14.3	10	8.6	3.9	102.6	8.6	12
2003	6.3	7.7	7.5	5.4	8.7	12.4	14.4	16.1	12.6	11.9	6.3	3.6	112.9	9.4	12
2004	3.8	4.6	7.5	8.2	11	10.9	13.5	13.6	13.3	9.6	5.6	5.7	107.3	8.9	12
2005	6.3	7.8	7.1	5.6	8.8	11.3	13.9	15.1	9.8	9.2	7.3	4.6	106.8	8.9	12
2006	3.8	3.8	5.2	6.7	10.8	14	17.4	13.2	12.1	9.5	7	3.3	106.8	8.9	12
2007	2.7	5.4	7.1	7.3	9.8	9.7	13	16	13.1	10.2	7.1	3.5	104.9	8.7	12
2008	4.5	5	5.2	6.8	9.5	11.7	13.2	14.2	14	10.6	9.3		104	9.5	11
2009	6.4	4.3	5.1	6.4	9.6	11	10.2	13.1	15	9.8	6.1	5.8	102.8	8.6	12
2010	7	7.3	7.5	6.8	8	11.3	14.5	14	13.1	12.5	7.6	6.4	116	9.7	12
2011	5.1	1.3	2.9	5.6	6.3	9.6	12.4	12.8	11.2	8.6	5	2	82.8	6.9	12
2012	5.8	6.2	8.1	9.7	11.6	13.1	16.5	21.3	19.9	15.5			127.7	12.8	10
2013	7.6	7.5	10	11.6	15.9	16.7		18.3	19.1	13.2	11.6	8.3	139.8	12.7	11
2014	10	10.7	12.6	13.1	15.7	16.5	19.9	20	20.7	15.8	12.2	11.3	178.5	14.9	12
2015	9.2	11.7	12.1	12	15	18.1	19.6	20.5	20.8	17	12.8	3.1	171.9	14.3	12
2016	9.8	16.6	15.7	17.4	17.3	22.1	22.9	19.6	17.4	15	12.1	9.2	195.1	16.3	12
2017	8.3	9.2	10.8	11	14.6	18.3	21.8	23.2	21.2				138.4	15.4	9
2018	15.3	10.5	10.3	11.3	13	14	18.2	19.1	15.8				127.5	14.2	9
2020	6.9	8.7	9.9										25.5	8.5	3
2023	6.9	5.7	6.8	9.4	11.4	12.4	17.7	18.8	15.7	15	11.3	7.4	138.5	11.5	12
2024	7.4												7.4	7.4	1
MÍNIMA	2.7	1.3	2.9	5.4	6.3	9.5	10.2	11.4	9.8	8.6	3.8	2	7.4	6.9	
MÁXIMA	15.3	16.6	15.7	17.4	17.3	22.1	22.9	23.2	21.2	17	12.8	11.3	195.1	16.3	
MEDIA	6.6	7.1	8.1	8.8	11.2	13.2	15.5	16.3	15.1	12	8.5	5.6	112.9	10.6	
DESV.ST	2.9	3.4	3	3.1	2.9	3.4	3.6	3.4	3.4	2.6	2.7	2.5	41.6	2.8	

TEMPERATURA MEDIA MENSUAL
AÑO	ENE	FEB	MAR	ABR	MAY	JUN	JUL	AGO	SEP	OCT	NOV	DIC	ACUM	PROM	MESES
1999					16.6	18.7	22.9	22.9	22.5	21.6	21.1	15.9	162.2	20.3	8
2000	14.4	13.6	13.4	17.1	18.5	21.3	21.4	23.9	22.6	16.8	12.7	14.1	209.8	17.5	12
2001	10.9	11.3	13.9	13.5	18.1	20.5	22.1	22.1	22.9	23	18.8	15.4	212.5	17.7	12
2002	12	13.8	13.4	15.2	17	19.4	22.6	22.4	24	17.5	17.4	11.7	206.4	17.2	12
2003	16.4	13.6	14.1	13.5	16	19.4	23.6	25.3	22	19.2	14	11.7	208.8	17.4	12
2004	11.4	11.5	15.5	16.1	19.3	18.5	23.1	23	22.8	17.2	12.8	12.8	204	17	12
2005	13	12.8	14	14.6	17.6	18.9	23.6	24.1	20.9	17.6	16.7	14.1	207.9	17.3	12
2006	13.1	13.6	11.8	14.3	17.8	23.1	26.2	23	22.4	18.4	16.4	13	213.1	17.8	12
2007	10.7	13.1	16.2	15.2	17.5	19.8	22.8	24.7	21.8	19.3	15.3	10.9	207.3	17.3	12
2008	10.5	12.3	14.3	15.9	17.5	21.4	22.8	24.4	24.6	21.4	17.8		202.9	18.4	11
2009	11.7	7.5	10.3	10.3	13	16.6	21.6	23.2	24.8	18.5	15.7	12.2	185.4	15.4	12
2010	14.2	12.9	14.2	13.9	16.3	18.8	21.7	23	22.5	18.3	15.3	14.8	205.9	17.2	12
2011	13.9	10.2	10.7	12.2	15.7	18.3	19.6	20.4	18.4	15.8	13	10.6	178.8	14.9	12
2012	17	16.8	17	17.1	18.6	20.2	23.8	27.7	26.4	21.4			206	20.6	10
2013	12.5	13	17	18.2	21.5	22.8		25	25.4	19.3	17.1	13.8	205.6	18.7	11
2014	16	16.1	17.6	19.4	22.3	22.7	25.7	26.1	26.9	21.9	18	15.2	247.9	20.7	12
2015	14.9	17.8	19.1		19.6	24.3	25.4	27.1	26.9	23.1	16.8	8.5	223.5	20.3	11
2016	12.4	19.6	18.2		19.6	25.4	27.1	26.7	22.9	21.1	17.9	13.4	224.3	20.4	11
2017	11.8	14	16.9		18.5	22.8	25.3	25.6	23.6				158.5	19.8	8
2018	17.5	14.5	15.8		17.8	21.9	25.2	26.4	23.6				162.7	20.3	8
2020	12.6	14.4	13.8										40.8	13.6	3
2023	11.3	11	11.8	14.6	16.9	17.5	24.9	24.8	21.6	21.9	17.5	13.1	206.9	17.2	12
2024	12.7												12.7	12.7	1
MÍNIMA	10.5	7.5	10.3	10.3	13	16.6	19.6	20.4	18.4	15.8	12.7	8.5	12.7	12.7	
MÁXIMA	17.5	19.6	19.1	19.4	22.3	25.4	27.1	27.7	26.9	23.1	21.1	15.9	247.9	20.7	
MEDIA	13.2	13.5	14.7	15.1	17.9	20.6	23.6	24.4	23.3	19.6	16.4	13	186.7	17.8	
DESV.ST	2.1	2.6	2.4	2.3	2	2.3	1.9	1.8	2.1	2.2	2.2	1.9	54.7	2.2	
