 COMISIÓN NACIONAL DEL AGUA
 COORDINACIÓN GENERAL DEL SERVICIO METEOROLÓGICO NACIONAL
 PROYECTO DE BASES DE DATOS CLIMATOLÓGICOS

 ESTACIÓN  : 2036 
 NOMBRE    : OLIVARES MEXICANOS 



LLUVIA MÁXIMA 24H
AÑO	ENE	FEB	MAR	ABR	MAY	JUN	JUL	AGO	SEP	OCT	NOV	DIC	ACUM	PROM	MESES
1936	0	18	12	2	0	0	40	38	0	11	6	27	154	12.8	12
1954			41.5	1.5	0.5	0.1	3.3	1.5	0.5	0	11.5	8	68.4	6.8	10
1955	23	9.5	10	21.5	11.5	90	1	4	6	0.3	12	27.5	216.3	18	12
1956	8.5	7.5	2	8	3.5	0	0	0	0	8	0	5	42.5	3.5	12
1957	55	6.5	9	8	5.5	3.5	0	3	8.6	16	19.4	6	140.5	11.7	12
1958	10.5	27	17.5	20	27	0	0	0	9	0	17	0	128	10.7	12
1959	0	23.5	0	0	0	0	0	0	0	2.5	0	21.1	47.1	3.9	12
1960	7	14.5	1.5	16	0	0	0	0	14	8.5	23.5	3	88	7.3	12
1961	22.5	2	12	0	0	0	0	5	0	0	16	16.5	74	6.2	12
1962	47	30.5	20	0	5	0	0	4.5	0	0.5	0	6	113.5	9.5	12
1963	9.5	34.5	9	10.5	0	2	0	0	16.5	17	37	3	139	11.6	12
1964	15	7	15.5	6.5	4	0	0	0	0	1.5	21.5	0	71	5.9	12
1965	4	33	25	34.5	0	0	0	0	3	0	55	27.5	182	15.2	12
1966	19	27	4.5	0	0	0	4	0	0	0	29	40	123.5	10.3	12
1967	17	0	0.3	33	0	0	0	4	0	0	24	59	137.3	11.4	12
1968	5	13	13	16	1.5	1.5	12	0	0	1.5	12	14	89.5	7.5	12
1969	43	26	13	0.5	9	1.5	0	7	0	0	18	6	124	10.3	12
1970	4	20	38	5	0	0	6	0	0	2		20	95	8.6	11
1971	8	21	0	14	13	0	0	0	4.5	16	1	15	92.5	7.7	12
1972	0	1.5	0	2	7	5	0	0	4.5	26	24	20	90	7.5	12
1973	13.5	19	28.5	1.5	0	0	0	3	0	0	22	6	93.5	7.8	12
1974	38.5	2	27	0	0	0	1	0	0	26	3	17	114.5	9.5	12
1975	17	16.5	25	28	0.5	2	0	0	1	2	19	8	119	9.9	12
1976	5	63	18	14.5	1	0	0	0	22	4	46	32	205.5	17.1	12
1977	16	2	13	3.5	12.5	0	0	60	0	16.5	8	52.5	184	15.3	12
1978	62	60	59	8.5	0	0	0	0	1.5	1.5	37	26.5	256	21.3	12
1979	37.5	12	32	1.5	2.5	0	0	0	0	9.5	8	7.5	110.5	9.2	12
1980	107	57	22	13.5	5.5	0	0	0	0	5	0	9.5	219.5	18.3	12
1981	16	21	25.5	10.5	5	0	0	0	6	3	16	13	116	9.7	12
1982	25	28.5	41.5	7	0	0	0	1	6.5	4.5	41	30	185	15.4	12
1983	23	39	80	22.5	0	0	0	5.5	40	34	21	20	285	23.8	12
1984	4	0	0.8	7.5	0	0	2	0	0	4	12	42	72.3	6	12
1985	9	10	7	2	0	1	2	0	12	11.5	45.5	20	120	10	12
1986	12.6	28.5	22.5	3.5	0	0	1.5	0	6	6	15	8	103.6	8.6	12
1987	37	33	13	15.5	0	0	1	1	3.5	54	80	40	278	23.2	12
1988	60	38	16	36	3	0	1	0	0	0	7	6	167	13.9	12
1989	6	5	20	1.5	2.5	0	0	0	3	4	0	8	50	4.2	12
1990	20	8	0		5	2.5	0	0	0	0	22	12	69.5	6.3	11
1991	0	91	28	0	0	0	20						139	19.9	7
1993	89	44.5	13	15	6	2	0	0	0	0	11	0	180.5	15	12
1994	13	22	18	10	0	0	0	0	0	3.5	7.7	26	100.2	8.3	12
1995	50.5	61.5	52	22	48	33		0	0	0	0	0	267	24.3	11
1996		21.3	35.3	0	0	0							56.6	11.3	5
1997	0	15.3	0			0	0	0	14.2	0	0	2	31.5	3.1	10
1998	23.6	70.2	37	25						0	12.1	12.8	180.7	25.8	7
1999	0	21	18.2	19.2	0								58.4	11.7	5
2000	0	24	24.3	15	0	0	0	0	0				63.3	7	9
2005										0	0	0	0	0	3
2006	10	4	28	26.5	25.5	7	0					18	119	14.9	8
2007	8	26	4.5	13	2	0	0	0	0	0	54.5	10	118	9.8	12
2008	42.6	24	12	0	12	0	0	3	0	1	28	0	122.6	10.2	12
2009	2	23.5	0	6.5	0	1	0	0	0	0	21.5	0	54.5	4.5	12
2010	75	39	0	0	0	0	0	0	0	47	22	0	183	15.2	12
2011	4	44	37	21	7	0	0	0	0	7	33	24.5	177.5	14.8	12
2012	9.5	15	31	20	0	0	2	0	8.5	3			89	8.9	10
2013	30	30	28	0	10	0	0	3.2	0	13.5	7	14	135.7	11.3	12
2014	2	6.5	21		0	0	0	0	0	0	7	22.5	59	5.4	11
2015	9.5	13.5	67		1.5	0	0	0	11.5	0	8	22.5	133.5	12.1	11
2016	61	36.5	19.5		12.5	0	0	0	17	0	9.5	76.5	232.5	21.1	11
2017	51.8	58.7	12.8		23	0	0	5.5	1.5	0	8	0	161.3	14.7	11
2018	52	12.5	8		2	0							74.5	14.9	5
2019	16.7	42	6.5	0	14.5	0	0	0	4	0	57.5	31	172.2	14.3	12
2020	9	23	27	33	0	0	0	0	0	0	15	11.8	118.8	9.9	12
MÍNIMA	0	0	0	0	0	0	0	0	0	0	0	0	0	0	
MÁXIMA	107	91	80	36	48	90	40	60	40	54	80	76.5	285	25.8	
MEDIA	22.8	25.1	19.7	10.9	4.8	2.5	1.7	2.7	4	6.5	18.7	16.7	126.9	11.5	
DESV.ST	23.9	19.2	16.8	10.5	8.5	12.3	6.1	9.4	7.2	11.3	17.2	15.9	62.6	5.6	

LLUVIA TOTAL MENSUAL
AÑO	ENE	FEB	MAR	ABR	MAY	JUN	JUL	AGO	SEP	OCT	NOV	DIC	ACUM	PROM	MESES
1936	0	75	33	4	0	0	40.01	64.01	0	21.03	17.01	92.02	346.08	28.8	12
1954			131.2	2.1	1	0.1	3.8	1.5	0.6	0	14.7	8	163	16.3	10
1955	84.4	16	10	27.5	17.7	90.5	1	5.1	6	0.3	13.5	37.1	309.1	25.8	12
1956	23.5	23	2	25.3	4	0	0	0	0	8.2	0	8	94	7.8	12
1957	189.5	15.8	22	17	18.8	3.5	0	3	10.1	42.7	29.4	9	360.8	30.1	12
1958	10.8	75.4	85.5	53	97	0	0	0	9	0	27.5	0	358.2	29.9	12
1959	0	62.9	0	0	0	0	0	0	0	2.5	0	52.6	118	9.8	12
1960	22	52.5	1.5	18	0	0	0	0	14	10.9	33.5	7	159.4	13.3	12
1961	28.5	2	29	0	0	0	0	7.5	0	0	18.5	48	133.5	11.1	12
1962	88	82.2	41.5	0	12	0	0	4.5	0	0.5	0	11.5	240.2	20	12
1963	13.5	65.5	11.5	27	0	2	0	0	32	18.5	59.5	4	233.5	19.5	12
1964	30.5	16.5	48	17	6	0	0	0	0	1.5	37	0	156.5	13	12
1965	16	44.5	28.5	143.5	0	0	0	0	5	0	107.5	165.5	510.5	42.5	12
1966	55	48.5	7.1	0	0	0	4	0	0	0	31	95.8	241.4	20.1	12
1967	25	0	0.7	73	0	0	0	5.5	0	0	44.5	95.5	244.2	20.4	12
1968	12.5	16.5	14.3	18.5	1.5	1.5	15	0	0	1.5	13	27.5	121.8	10.2	12
1969	144	109	46	0.7	13.5	1.5	0	7	0	0	22.5	10	354.2	29.5	12
1970	10.52	34	79.5	10.02	0	0	6	0	0	3		60.05	203.09	18.5	11
1971	16	39.5	0	29.5	19.5	0	0	0	8.5	33.5	1	60	207.5	17.3	12
1972	0	1.5	0	3.5	8	9	0	0	10	58.5	54	24.5	169	14.1	12
1973	56.5	65.5	130	1.5	0	0	0	3	0	0	43.5	8.5	308.5	25.7	12
1974	81.5	3	41	0	0	0	1	0	0	37.5	3	37.5	204.5	17	12
1975	20.5	30.5	74.5	67	0.5	2	0	0	1	3	30	8.5	237.5	19.8	12
1976	5	174	48	40	1	0	0	0	59.5	7.5	53	40.5	428.5	35.7	12
1977	43.5	2	22.5	4.5	21.5	0	0	64	0	22	8	106	294	24.5	12
1978	177.5	179.5	214.1	33	0	0	0	0	1.5	1.5	117	77	801.1	66.8	12
1979	125	25.8	112	1.5	5.5	0	0	0	0	9.5	8	14	301.3	25.1	12
1980	219.3	271	87	25.5	7.5	0	0	0	0	7	0	9.5	626.8	52.2	12
1981	25	62.5	98	17.5	5	0	0	0	6.4	6	44.5	19	283.9	23.7	12
1982	71.5	40	116.1	7	0	0	0	1	16.5	4.5	94	76	426.6	35.5	12
1983	49.5	115	222.8	63	0	0	0	12	56.5	38.5	58.5	35.5	651.3	54.3	12
1984	7	0	1.3	14	0	0	2	0	0	4	37	111	176.3	14.7	12
1985	98	28.8	16.5	4	0	1	3	0	15.8	31.5	93	25	316.6	26.4	12
1986	23.1	69.3	62.7	3.5	0	0	1.5	0	10	6	15	21	212.1	17.7	12
1987	50	79	38	15.5	0	0	1	1	3.5	133.5	109.8	72.1	503.4	42	12
1988	74	44.3	16	106	6	0	1	0	0	0	13.5	27.3	288.1	24	12
1989	20.5	8.5	27	2	4	0	0	0	7.5	4	0	9	82.5	6.9	12
1990	82	23.5	0		8	2.5	0	0	0	0	35.5	29	180.5	16.4	11
1991	0	141	149.5	0	0	0	20						310.5	44.4	7
1993	231.9	126.5	30.2	30.01	12	2.01	0	0	0	0	27.01	0	459.63	38.3	12
1994	28.3	69	51	26	0	0	0	0	0	6.5	13	26.5	220.3	18.4	12
1995	171.41	94.2	121	31.8	105	33		0	0	0	0	0	556.41	50.6	11
1996		36.11	52.31	0	0	0							88.42	17.7	5
1997	0	23	0			0	0	0	24.9	0	0	4	51.9	5.2	10
1998	54.01	259.9	114.8	80.21						0	22.4	27.5	558.82	79.8	7
1999	0	23	35	75.2	0								133.2	26.6	5
2000	0	82	28.8	17.8	0	0	0	0	0				128.6	14.3	9
2005										0	0	0	0	0	3
2006	25	5	77.5	31.5	25.5	7	0					30.5	202	25.2	8
2007	13	64	7.5	15	2	0	0	0	0	0	57.5	23.5	182.5	15.2	12
2008	103.6	45	12	0	12	0	0	4	0	1	54	0	231.6	19.3	12
2009	2	96.5	0	6.5	0	1	0	0	0	0	24	0	130	10.8	12
2010	236	87.5	0	0	0	0	0	0	0	63.5	25.5	0	412.5	34.4	12
2011	4	113	44	38	7.5	0	0	0	0	7	95.5	42.5	351.5	29.3	12
2012	9.5	55	63	60.5	0	0	2	0	8.5	3			201.5	20.1	10
2013	95	61	44	0	21	0	0	3.2	0	26.1	7	21	278.3	23.2	12
2014	2	11	22		0	0	0	0	0	0	12	78	125	11.4	11
2015	18	13.5	75.5		1.7	0	0	0	11.5	0	21	49.5	190.7	17.3	11
2016	138.5	36.5	32.2		15.5	0	0	0	26	0	16.7	173	438.4	39.9	11
2017	175.4	126.9	12.8		24.1	0	0	9.5	1.5	0	8	0	358.2	32.6	11
2018	75	31	15		2	0							123	24.6	5
2019	51	162	19	0	31.5	0	0	0	7	0	129.9	117	517.4	43.1	12
2020	17	26.7	123.1	61.5	0	0	0	0	0	0	15	15.8	259.1	21.6	12
MÍNIMA	0	0	0	0	0	0	0	0	0	0	0	0	0	0	
MÁXIMA	236	271	222.8	143.5	105	90.5	40.01	64.01	59.5	133.5	129.9	173	801.1	79.8	
MEDIA	57.5	62.2	49.2	24.5	8.6	2.6	1.8	3.5	6.3	11	33	37.7	278.7	25.2	
DESV.ST	64.3	58.2	51	30.1	19	12.4	6.2	12	12.4	22.3	33.4	41.1	159.2	14.6	

EVAPORACIÓN MENSUAL
AÑO	ENE	FEB	MAR	ABR	MAY	JUN	JUL	AGO	SEP	OCT	NOV	DIC	ACUM	PROM	MESES
1954									157.9	114.9	86.8	74	433.6	108.4	4
1955	40.6	61	101.9	117	136.7	178.3	197.3	148.2	142.7	93.4	77.8	55.7	1350.6	112.6	12
1956	49.9	60.1	118.6	90.8	104	142.3	158.4	155.4	180.3	91.3	115		1266.1	115.1	11
1957	43.6	59.1	62.6		124.4	130.4	133.1	124.8	149.2	72.5	85.2	68.3	1053.2	95.7	11
1958	83.6	80.7	102.4	84.4	93.4	176.7	181.1	167.7	162.7	104.4	97.1	75.9	1410.1	117.5	12
1959	71.4	67.1	127.5	132.4	145.3	180.2	220.8	159.3	137.7	150.3	128.8	66.2	1587	132.2	12
1960	61.4	71.6	123.4	133.2	161.3	145.6		21.1	190.2	109.5	76.6	77.5	1171.4	106.5	11
1961			98.71	151.91		259.85	182.93		216.51	256.75	175.44	68.04	1410.14	176.3	8
1962	81.38	49.1		17.74	173.2	186.12	224.44		191.75	140.81	82.28	68.92	1215.74	121.6	10
1963	66.76		104.46	142.16	173.91	176.87	249.5	221.74	175.95	109.79	54.64	75.55	1551.33	141	11
1964	74.88	98.95	110.93	115.78	159.78	192.96	223.22	187.19	152.27	163.93	88.34	65.27	1633.5	136.1	12
1965	62.86	79.62	88.24	97.76	161.59	163.6	207.48	215.45	159.7	146.26	55.25	48.4	1486.21	123.9	12
1966	60.82	73.94	101.77	151.09	152.79	176.95	221.31	230.54	171.03	149.12	111.72	81.55	1682.63	140.2	12
1967	108.93	124.69	110.21	113.85	159.65	169.7	216.11	218.63	147.93	170.65	74.98	59.87	1675.2	139.6	12
1968	73.27	67.85	109.08	144.71	194.61	28.89	235.73	210.74	167.42	130	98.84	65.25	1526.39	127.2	12
1969	69.2	54.8	107.4	161	172.3	166.4	232.4	242.5	187.2	129.8	117.8	74.4	1715.2	142.9	12
1970	80.97	99.8	103.25	157.13	219.23	207.18	237.35	220.31	201.4		86.15	48.58	1661.35	151	11
1971	65.9	76.5	108.1	108	147.3	184.3	217.3	146.1	174.2	123.1	68.2	37.8	1456.8	121.4	12
1972	68.2	94.3	126.2	154.9	176.6	162.8	237.8	215.2	149.3	100.1	70.8	75.4	1631.6	136	12
1973	66.1	59.5	68.4	116.9	158.1	187.1	202.7	179	148.6	170.9	79.7	69.5	1506.5	125.5	12
1974	58.9	97.8	100.6	140.2	138.1	218.7	232	226.1	177.5	123.2	97.8	76.8	1687.7	140.6	12
1975	83.4	75.9	94.4	101.5	163.1	183.6	222.1	206	178.9	118.5	113.1	66.63	1607.13	133.9	12
1976	125	72.8	99.3	109.1	146.3	208.5	176.3	209.6	118.3	110.9	102.8	74.2	1553.1	129.4	12
1977	61.7	93.1	112.7	146.2	128.6	168.7	214.9	161.4	145.8	109.3	99.5	83.9	1525.8	127.2	12
1978	33.2		68.2	95.8	174.9	217.5	215.7	192.6	171.4	131.5	81.3	71.3	1453.4	132.1	11
1979	24.8	38	77.3	127.9	158.7	234	228	175.2	204.3	121.5	91.4	93.7	1574.8	131.2	12
1980	19.3	41.2	96.3	35.6									192.4	48.1	4
1981				119.4	152.3	218.7	216	205	157.8	115	81.4	71.7	1337.3	148.6	9
1982		68.9	53.6	99.9	122.6	148.2	226.7	204.2	150.3	161.9	71.1	71.5	1378.9	125.4	11
1983	73.8			116.7	151.4	163.7	227.3	181.6	177.6	96.5	65.6	44.7	1298.9	129.9	10
1984	64.32	83.35	131.8	134.05	177.61	178.41	182.93	176.34	160.5	99.61	57.83	38.18	1484.93	123.7	12
1985		71.84	88.6	155.27	151.07	186.62	203.13	185.78	118	92.96	59.85	64.08	1377.2	125.2	11
1986	73.4	65.9	92.32	146.2	181.7	176.8	209.2	202.8	134.9	118	103.6	65.1	1569.92	130.8	12
1987	81	79.5	105.6	157.3	152.1	173.9	175.3	174.1	160.3	111.8	64.6	47.2	1482.7	123.6	12
1988	73.04	100.1	106.3	108.5	178.9	179.1	199.9	192.3	162.3	131.3	90.8	110	1632.54	136	12
1989	87.34	82.78	118.02	140.3	156	187.8	204.37	155.18		37.6			1169.39	129.9	9
MÍNIMA	19.3	38	53.6	17.74	93.4	28.89	133.1	21.1	118	37.6	54.64	37.8	192.4	48.1	
MÁXIMA	125	124.69	131.8	161	219.23	259.85	249.5	242.5	216.51	256.75	175.44	110	1715.2	176.3	
MEDIA	67.4	75	100.6	121.3	156	178.2	209.5	184.8	164.2	123.7	88.6	67.7	1409.7	127.4	
DESV.ST	21.5	19	18.7	32.4	24.7	37.2	25.1	41.2	22.6	36.5	24.3	15	316.5	19.5	

TEMPERATURA MÁXIMA EXTREMA
AÑO	ENE	FEB	MAR	ABR	MAY	JUN	JUL	AGO	SEP	OCT	NOV	DIC	ACUM	PROM	MESES
1954			29.5	34	30	32	38	38.5	38	38	31.5	29	338.5	33.9	10
1955	28	30	31	31.5	33	37.5	36	40.5	42	36	32	27	404.5	33.7	12
1956	30	25	29	29	38	41	36	41	43	37	35	29	413	34.4	12
1957	27	31	29	30	29	40	42	37	37	31	27	30	390	32.5	12
1958	28	30	25	35	25	33	42	40	39	41	31	31	400	33.3	12
1959	32	28	33	34	30	39	41	40	39	38	36	32	422	35.2	12
1960	28	24	32	34	37	41	41	41	42	38	28	30	416	34.7	12
1961	31	27	32	33	33	38	38	37	38	40	29	29	405	33.8	12
1962	28	26	27	33	32	38	36	38	40	35	33	29	395	32.9	12
1963	28	32	28	29	32	33	37	37	42	35	32	29	394	32.8	12
1964	32	28	30	35	34	36	39	35	36	39	31	26	401	33.4	12
1965	29	29	27	37	34	30	38	38	37	38	33	30	400	33.3	12
1966	29	26	36	32	32	38	38	38	40	36	35	26	406	33.8	12
1967	28	31	31	23	38	40	36	43	38	38	34	27	407	33.9	12
1968	27	29	30	32	33	41	40	36	41	37	30	26	402	33.5	12
1969	29	23	31	30	30	34	38	44	39	35	31	28	392	32.7	12
1970	28	29	27	30	39	37	40	39	37	33		29	368	33.5	11
1971	34	31	32	39	30	38	39	39	43	39	31	22	417	34.8	12
1972	27	29	30	31	37	33	41	41	36	34	30	29	398	33.2	12
1973	27	23	22	26	35	41	38	37	36	39	33	29	386	32.2	12
1974	27	29	29	30	35	41	36	35	36	36	34	27	395	32.9	12
1975	31	28	26	23	30	34	34	38	39	37	32	31	383	31.9	12
1976	32	26	30	31	35	40	39	39	34	35	34	27	402	33.5	12
1977	27	32	29	30	31	35	39	35	39	34	38	32	401	33.4	12
1978	25	26	32	25	38	41	39	33	39	38	32	24	392	32.7	12
1979	21	26	27	28	36	42	38	38	39	35	29	34	393	32.8	12
1980	28	28	24	33	28	39	39	35	41	34	33	31	393	32.8	12
1981	27	31	26	30	32	39	36	40	37	32	32	28	390	32.5	12
1982	22	28	30	29	30	30	37	38	42	35	30	27	378	31.5	12
1983	28	28	24	27	30	29	37	38	38	34	30	26	369	30.8	12
1984	29	28	28	32	39	36	36	37	41	32	29	22	389	32.4	12
1985	23	29	28	33	29	39	41	43	34	36	30	27	392	32.7	12
1986	29	32	31	32	35	37	37	39	38	32	30	29	401	33.4	12
1987	30	27	29	34	33	31	36	36	39	39	29	28	391	32.6	12
1988	28	28	35	34	37	33	36	35	40	36	33	28	403	33.6	12
1989	27	31	32	38	35	41	41	36	36	38	33	31	419	34.9	12
1990	28	28			32	45	37	35	35	37	42	29	348	34.8	10
1991	26	31	31	30	29	28	35						210	30	7
1993	23	28	25	36	36	36	38	33	29	32	29	27	372	31	12
1994	30	24	26	29	28	30	36	38	30	34	26	23	354	29.5	12
1995	23	29	30	30	29	29		39	40	36	26	27	338	30.7	11
1996		25	30	32	34	34							155	31	5
1997	30	28	21			33	38	47	37	37	33	28	332	33.2	10
1998	27	19	25	29						29.5	29.5	20	179	25.6	7
1999	28	26	22	35	29								140	28	5
2000	23	25	28	32	35	33	33	33	34				276	30.7	9
2005										34	39.5	34	107.5	35.8	3
2006	30	31	25	29	30	36	43					28	252	31.5	8
2007	26	29	32	31	34	33	37	40	39	36	31	30	398	33.2	12
2008	24	27	29	35	36	43	34	33	40	37	35		373	33.9	11
2009	27	27	30	36	30	39	36	42	37	35	32	25	396	33	12
2010	26	25	27	24	29	32	39	38	41	32	35	29	377	31.4	12
2011	29	23	26	31	34	32	35	39	39	37	29	29	383	31.9	12
2012	30	30	30	28	31	33	36	40	42	42			342	34.2	10
2013	27	26	29	31	39	38	36	38	39	35	35	30	403	33.6	12
2014	37	33	32		39	38	38	39	40	38	34	27	395	35.9	11
2015	30	30	33		35	40	34	41	41	39	31	29	383	34.8	11
2016	25	38	29		27	45	42	42	28	36	35	28	375	34.1	11
2017	26	30	38		33	43	36	43	41	40	37	39	406	36.9	11
2018	42	44	31		35	34							186	37.2	5
2019	26	24	30	32	27	37	39	37	37	35	33	29	386	32.2	12
2020	33	29	26	32	38	38	38	40	47	41	35	30	427	35.6	12
MÍNIMA	21	19	21	23	25	28	33	33	28	29.5	26	20	107.5	25.6	
MÁXIMA	42	44	38	39	39	45	43	47	47	42	42	39	427	37.2	
MEDIA	28.1	28.3	28.9	31.3	32.9	36.6	37.8	38.4	38.4	36.1	32.2	28.4	363.5	33	
DESV.ST	3.4	3.7	3.3	3.5	3.6	4.2	2.3	2.9	3.4	2.7	3.1	3.1	73.4	1.9	

TEMPERATURA MÁXIMA PROMEDIO
AÑO	ENE	FEB	MAR	ABR	MAY	JUN	JUL	AGO	SEP	OCT	NOV	DIC	ACUM	PROM	MESES
1954			19.5	22.9	23.7	25.4	32	29.3	31.9	27.2	25.7	21.7	259.3	25.9	10
1955	16.6	19.9	22.9	23.5	22.7	26.5	28.7	32.8	32.1	25.3	22.7	20	293.7	24.5	12
1956	21	17.2	23.5	21	25.9	30.5	31.8	32.2	36.9	26.5	27.8	23.3	317.6	26.5	12
1957	17.7	20.9	21	21.2	22.1	30.8	33.5	31.8	31.5	23.9	21.9	23.5	299.8	25	12
1958	22.1	21.2	18.3	24.7	18.3	28.7	32.1	32.1	33.8	31.1	25.3	25.9	313.6	26.1	12
1959	23	18.4	26.2	25.6	23.7	30.1	33.8	32.4	30.3	28.6	28.2	21.5	321.8	26.8	12
1960	18.8	18.2	23.5	24.9	25.7	30.3	34.1	32.5	33.8	27.1	21.7	20.3	310.9	25.9	12
1961	23.1	21.8	21.1	25.3	23.3	29.6	30	31.2	29.8	28.4	23	20.2	306.8	25.6	12
1962	19.9	17.2	17.8	26	23.7	26.8	30.3	33.3	31	26.8	23.6	21.3	297.7	24.8	12
1963	18.4	23.3	20.2	22.1	24.3	25.2	30.9	31.5	33.4	27.8	23.2	23.8	304.1	25.3	12
1964	19.8	21	19.9	21.5	24.3	27.1	32.9	29.8	29.4	26.3	20.7	21.3	294	24.5	12
1965	20.9	21	19.3	22.9	22.5	23.3	29.9	32.8	29.7	30.4	22.4	18.2	293.3	24.4	12
1966	19	18.5	22.6	23.7	24.4	27.5	32.1	32.1	30.5	28.1	23.9	20.3	302.7	25.2	12
1967	21.3	23.1	21	18	25.8	25.7	31.3	33.9	30.8	31	24.7	18.2	304.8	25.4	12
1968	20.6	22.7	22.6	23.2	24.5	28.9	31.9	30.7	30.7	28	23.7	20	307.5	25.6	12
1969	19.2	16.2	20.4	22.8	24.9	24.1	31.4	34.2	31.5	26.5	23.9	20.8	295.9	24.7	12
1970	21.1	22.5	20.9	21.8	26.3	26.8	31.4	31.7	32.1	26.4		18.6	279.6	25.4	11
1971	19.9	19.4	21.5	21.5	22	26	30.9	33.8	28.3	25.8	21.8	16.4	287.3	23.9	12
1972	19.8	22.7	23.1	24.6	24.9	25.5	32.3	30.5	26.8	23.7	21.6	18.9	294.4	24.5	12
1973	16.9	18.6	15.6	20.1	23.7	29.4	29.7	30.1	27.1	28.6	21.4	21.5	282.7	23.6	12
1974	18.2	21.9	18.9	23.4	22.9	29	30.9	29.8	29.6	24.6	23.7	19.7	292.6	24.4	12
1975	20.4	18.3	17.9	17.8	22.4	25.4	28.8	32.1	31.8	26.7	24.4	20.5	286.5	23.9	12
1976	23.2	18.8	20.2	20.3	23.4	30	28.3	31.3	26.2	27.3	25.4	22.3	296.7	24.7	12
1977	19.4	24.6	18.7	23.2	21.5	27.3	31.9	29.8	30.4	27.8	28.1	21.4	304.1	25.3	12
1978	18.6	18.8	20.7	20.1	25.6	31.7	31.8	30.6	30.3	29.4	19.7	17.7	295	24.6	12
1979	15.7	18.4	19	22.7	23.3	29	31.1	29.9	34.4	26.5	23.4	22.8	296.2	24.7	12
1980	19.9	22.1	18.7	22.3	21	30.2	33.4	31.7	29.8	27.1	24.6	22	302.8	25.2	12
1981	21.9	22.9	19.1	22.5	23.2	30.3	31.1	32.3	30.5	24.1	24.3	22.5	304.7	25.4	12
1982	15.8	19.9	19	21.9	21.6	24	31	30.9	29.6	28.3	20.7	18.5	281.2	23.4	12
1983	21	19.5	17.7	19.1	23.8	24.1	30.6	32.2	31.9	27	21.4	18.9	287.2	23.9	12
1984	21.2	21.1	23.6	21.8	27.7	26.9	32	30.9	32.5	24.3	20.3	16.3	298.6	24.9	12
1985	17	19.3	18.5	24.9	23.5	29.8	32.5	32.1	27.7	25.6	19.7	21.5	292.1	24.3	12
1986	23.6	20.5	21.9	23.8	25.4	28.8	30.8	32.9	26.6	26.2	25	20.7	306.2	25.5	12
1987	19	19.4	19.5	25.4	23.7	26.6	27.4	29	30.7	27.6	21.9	16.9	287.1	23.9	12
1988	19.7	22.6	23.1	22.7	24.3	25.2	29.7	30.2	29	27	21.7	18.7	293.9	24.5	12
1989	19.2	19.8	24.4	26.5	26	27.7	30.9	29.5	28.2	30.3	26.1	23.4	312	26	12
1990	21.2	21.5			23	30	31.9	30.6	29.3	31.4	27.7	20.2	266.8	26.7	10
1991	20.9	25	20.4	23.6	22.5	23.9	28.5						164.8	23.5	7
1993	17.3	18.9	18.6	26.3	27.9	29.5	33.5	31.5	25.4	24.3	22.1	23.3	298.6	24.9	12
1994	23.2	18.7	19.7	23.7	23.2	26.2	30.2	29.9	25.3	25	18.9	19.9	283.9	23.7	12
1995	17.1	21.5	24	21.7	23.7	24.9		28.6	35.8	29.1	23.1	19.8	269.3	24.5	11
1996		18.6	23.1	29.2	31.4	31.4							133.7	26.7	5
1997	22.4	19.1	18.5			30.1	32.6	39.6	33.5	30	26.4	20.3	272.5	27.2	10
1998	20.2	15.8	17.5	20.2						22.6	20.6	17.7	134.6	19.2	7
1999	22.1	19.6	18.7	22.2	22.9								105.5	21.1	5
2000	16.2	20.1	21.1	24.8	26.4	27.2	29.2	29.2	27.4				221.6	24.6	9
2005										28.5	26.9	27.1	82.5	27.5	3
2006	20.7	21.3	16.6	20.7	23.5	27.9	32.9					19.6	183.2	22.9	8
2007	16.8	18.8	22.7	21.8	22.8	26.8	31	31.4	28.5	28.1	22.4	16.3	287.4	24	12
2008	16.8	17.3	20.8	23.5	22.8	29.2	29	30.7	31.1	29.6	25.5		276.3	25.1	11
2009	21.1	17.7	19.6	21.5	24.6	24.9	30.9	31.7	31.7	26.7	24.4	16	290.8	24.2	12
2010	18.7	17.2	18.4	18.9	20.1	24.3	26.2	30	30.4	23	21.5	23	271.7	22.6	12
2011	22.8	16.1	19.7	22.5	22.7	25.2	29	29.7	29.5	27.5	20.8	17	282.5	23.5	12
2012	21.8	19.1	21.3	21.8	24.6	26.5	29.2	33	33.9	28.3			259.5	26	10
2013	17.4	17.3	21.7	22.5	25.8	27.7	30.7	31.2	31.2	25.7	22.4	20.9	294.5	24.5	12
2014	25.4	22.6	22.7		27.5	28.6	31.2	32.5	32.8	29.5	25.5	19.3	297.6	27.1	11
2015	21.7	24.1	25.4		21.4	29.8	28.5	32.8	32.1	28.3	22.8	20	286.9	26.1	11
2016	17.8	26.9	23.7		22.6	30.3	31.6	32.5	24.8	28.6	26.2	21.4	286.4	26	11
2017	16.9	21.5	24.7		22.8	28.2	31.1	31.8	29.6	31.2	27	25.3	290.1	26.4	11
2018	28.5	21.6	22.5		24.4	27.8							124.8	25	5
2019	20	16.5	20.3	25.2	21.7	26.7	31.7	32.6	31.2	28.3	25.4	19.7	299.3	24.9	12
2020	21.8	23.2	17.9	21.7	28	29.3	32.3	35.2	36.6	31.7	25.7	22.5	325.9	27.2	12
MÍNIMA	15.7	15.8	15.6	17.8	18.3	23.3	26.2	28.6	24.8	22.6	18.9	16	82.5	19.2	
MÁXIMA	28.5	26.9	26.2	29.2	31.4	31.7	34.1	39.6	36.9	31.7	28.2	27.1	325.9	27.5	
MEDIA	20	20.2	20.7	22.7	23.9	27.6	31	31.6	30.6	27.4	23.6	20.5	274.1	24.9	
DESV.ST	2.5	2.4	2.3	2.2	2.1	2.2	1.6	1.8	2.7	2.2	2.3	2.4	54.4	1.4	

TEMPERATURA MÍNIMA EXTREMA
AÑO	ENE	FEB	MAR	ABR	MAY	JUN	JUL	AGO	SEP	OCT	NOV	DIC	ACUM	PROM	MESES
1954			1	5	6	5	9	8	6	4	2	0	46	4.6	10
1955	0	-1.5	1.5	1.5	3.5	6	7	11.5	6	4	2	1	42.5	3.5	12
1956	0	-1	-1	2.5	5	6	10	8	7.5	5	3	4	49	4.1	12
1957	1.5	2	1.5	3.5	6	10	11	10	9	6	2	2	64.5	5.4	12
1958	0	3	2	3	2	9	9	8	10	7	2	2	57	4.8	12
1959	2	0	3	6	6	9	11	11	9	6	6	1	70	5.8	12
1960	-1	1	3	5	5	5	9	10	9	6	1	-3	50	4.2	12
1961	-1	-2	1	1	4	6	10	10	6	4	0	2	41	3.4	12
1962	-1	1	0	3	5	7	7		5	4	0		31	3.1	10
1963	-5	4	1	1	4	7	8	10	12	7	2	-1	50	4.2	12
1964	-3	-2	0	2	2	6	9	10	6	7	-2	-2	33	2.8	12
1965	-1	-1	1	3	2	7	7	8	6	3	2	0	37	3.1	12
1966	-3	-2	-2	2	5	5	7	8	9	1	-4	-9	17	1.4	12
1967	-5	-2	-3	-2	2	4	10	7	11	5	4	0	31	2.6	12
1968	-2	4	0	2	3	6	7	9	6	5	-1	-3	36	3	12
1969	-1	0	-3	2	7	9	8	11	9	3	1	-2	44	3.7	12
1970	-4	1	3	0	2	5	10	4	4	2		0	27	2.5	11
1971	-2	-2	-1	3	4	4	6	7	4	-1	-2	-4	16	1.3	12
1972	-3	-4	-2	0	4	6	9	6	6	0	0	-1	21	1.8	12
1973	-2	0	-2	1	3	8	8	7	4	1	0	-2	26	2.2	12
1974	1	-2	-2	1	4	6	9	6	8	5	1	-7	30	2.5	12
1975	-3	-3	-1	0	2	4	7	7	7	2	-3	-4	15	1.2	12
1976	-4	3	1	2	6	6	9	7	12	3	-1	-3	41	3.4	12
1977	-2	-1	0	1	4	6	7	9	6	6	0	0	36	3	12
1978	1	2	4	4	4	6	5	5	5	4	2	-4	38	3.2	12
1979	-1	0	2	2	2	4	7	7	8	1	-2	-2	28	2.3	12
1980	3	0	2	2	2	4	9	8	6	4	-2	-1	37	3.1	12
1981	-1	-1	2	3	5	8	10	9	8	3	1	-1	46	3.8	12
1982	0	1	0	2	4	5	6	9	6	4	-1	-2	34	2.8	12
1983	-1	0	2	0	4	4	6	10	11	8	-2	-2	40	3.3	12
1984	-1	-2	0	1.5	2	6	12	9	10	3	2	-2	40.5	3.4	12
1985	-1	-2	-1	3	4	4	11	6	7	6	2	-2	37	3.1	12
1986	-1	-3	4	2	3	6	6	10	4	3	1	-2	33	2.8	12
1987	-6	-3	1	2	5	6	7	8	6	9	-1	-5	29	2.4	12
1988	-1	-4	-3	-1	3	4	8	7	4	6	0	-3	20	1.7	12
1989	-4	-3	1	1	8	6	7	10	1	5	0	-1	31	2.6	12
1990	-3	-3			3	8	9	4	8	8	-3	-2	29	2.9	10
1991	-2	0	0	0	3	4							5	0.8	6
1993	1	1	2	6	10	7	9	8	5	3	2	7	61	5.1	12
1994	-3	3	3	4	5	7	10	12	5	5	-3	-3	45	3.8	12
1995	0	2	3	2	5	7		12	14	6	3	-3	51	4.6	11
1996		0	0	9	10	10							29	5.8	5
1997	2	-3	-2			8.5	6	21	11	10	3	3	59.5	6	10
1998	-1	1	2	0						7	2	0	11	1.6	7
1999	-3	0	0	-1	4								0	0	5
2000	2	2	0	3	5	5	9	7	7				40	4.4	9
2005										1	0	0	1	0.3	3
2006	0	0	0	2	5	8	13					-6	22	2.8	8
2007	0	0	1	1	5	5	8	8	6	3	1	0	38	3.2	12
2008	0	0	0	0	4	6	6	9	9	2	2		38	3.5	11
2009	0	0	0	1	4	6	7	7	9	0	1	0	35	2.9	12
2010	0	0	1	0	1	3	5	7	3	3	-3	1	21	1.8	12
2011	0	-3	-1	0.1	2	4	8	7	8	4	0	0	29.1	2.4	12
2012	0	0	0	0	2	5	8	10	10	5			40	4	10
2013	0	0	1	2	5	5	9	7	7	5	5	0	46	3.8	12
2014	5	1	4	4	4	5	10	10	10	10	4	2	69	5.8	12
2015	-1	5	5	5	6	9	11	10	10	10	3	0	73	6.1	12
2016	1	0	2	5	8	11	11	10	9	9	3	1	70	5.8	12
2017	1	1	4	5	8	8	8	11	9	8	5	2	70	5.8	12
2018	0	0	2	4	6	9							21	3.5	6
2019	2	0	3	5	1	9	10	10	5	4	5	1	55	4.6	12
2020	1	0	3	5	8	9	10	9	10	9	5	3	72	6	12
MÍNIMA	-6	-4	-3	-2	1	3	5	4	1	-1	-4	-9	0	0	
MÁXIMA	5	5	5	9	10	11	13	21	14	10	6	7	73	6.1	
MEDIA	-0.8	-0.2	0.8	2.2	4.3	6.3	8.5	8.7	7.4	4.7	0.9	-0.9	38	3.4	
DESV.ST	2.1	2	1.9	2.1	2	1.9	1.8	2.5	2.6	2.7	2.4	2.7	17.3	1.5	

TEMPERATURA MÍNIMA PROMEDIO
AÑO	ENE	FEB	MAR	ABR	MAY	JUN	JUL	AGO	SEP	OCT	NOV	DIC	ACUM	PROM	MESES
1954			6.6	9.6	10.5	10.4	15.5	13.6	12.4	8.9	8.3	5.6	101.4	10.1	10
1955	3.8	4.7	5.7	6.5	9.1	10.3	12.7	16.2	14.9	9.1	7.8	6.6	107.4	8.9	12
1956	5.7	2.6	3.9	7.6	10	11.7	13.9	12.2	15.8	9.8	9.3	6.5	109	9.1	12
1957	4.9	8.9	7.1	8.3	9.4	13.5	14.6	15.7	12.8	11.5	6.9	7.2	120.8	10.1	12
1958	5	7.8	6.7	9.1	6.7	11.8	12.9	16.3	15.3	14.2	8	6.7	120.5	10	12
1959	6.4	5.7	7.9	10.7	10.2	12.8	16.5	17	14.4	11.6	9.3	7.5	130	10.8	12
1960	4.3	5.7	7	8.4	11.1	13.1	15.6	15	16.7	10.4	6.2	3.7	117.2	9.8	12
1961	5.9	3.9	5.8	7.7	8.3	11.6	14.8	16	12.4	9.8	5.2	5.2	106.6	8.9	12
1962	4.9	5.7	4.9	8.1	8.3	10.8	11.6		12.4	8	5.4		80.1	8	10
1963	2.9	7.5	5.4	5.8	9.5	11.4	12.7	14.6	16.5	12.1	6.9	4.9	110.2	9.2	12
1964	2.7	3	4.5	7.1	7.3	10.6	12.3	14.4	10.8	11.6	5.5	6	95.8	8	12
1965	5.2	3.7	5.2	7.7	9.2	11	12.1	14.8	11.6	9.4	7.9	5.3	103.1	8.6	12
1966	2.9	2.8	5.5	7.5	11.1	11.4	13.5	15.6	13.3	9.4	6.6	4.4	104	8.7	12
1967	2.6	2.3	5	5	8.9	10.5	15.3	17.1	14.9	9.6	8.3	4.8	104.3	8.7	12
1968	3.2	7.1	5.4	7.3	9.8	10.8	14.7	14.1	13	8.9	6.3	1.2	101.8	8.5	12
1969	6.9	5.6	4.9	7.7	10.3	12.9	14.5	15.7	14.6	6.9	8.4	3.1	111.5	9.3	12
1970	4.2	5.9	6.2	5.2	8.9	11.5	14.6	14.8	11.1	8.8		3.8	95	8.6	11
1971	3.5	3.1	3.8	7	8	9.3	12.7	15.5	10.8	7	3.1	1	84.8	7.1	12
1972	-0.3	2.3	5	5.1	9.1	11.2	15	14	12.2	10	4.9	3.8	92.3	7.7	12
1973	2.6	4.8	4.3	4.9	8.7	11.6	12.4	13.2	10.1	7.8	4.7	1.9	87	7.2	12
1974	4.7	2.2	4.6	4.9	10	11.5	14.5	12.3	13.3	8.9	5.5	1.3	93.7	7.8	12
1975	2.7	2.4	3.6	5	7.8	9.9	12.8	11.7	12.7	7.2	3.4	3.1	82.3	6.9	12
1976	4.2	6.4	4.5	7.1	9.4	10.3	14.6	11.1	16.2	9.8	6.9	1.3	101.8	8.5	12
1977	4.3	2.6	3	6.1	7.8	11	13	15.3	11.2	9.4	5.4	6.6	95.7	8	12
1978	6.8	5.4	9.4	7.6	8.6	10.4	11.9	11.6	12.4	9.9	6	1.8	101.8	8.5	12
1979	4.2	2.2	5	5.5	9.6	12.1	11.4	12.7	14	8	3.9	2.7	91.3	7.6	12
1980	9	7.8	5.2	7.6	8.5	8.3	13	14.1	11.2	8.4	4	2.6	99.7	8.3	12
1981	4.7	4.9	5.7	7.6	10.7	11.6	14.3	14.3	12.4	7.7	4.4	4	102.3	8.5	12
1982	3.8	5.5	6	6	10	9.6	11.5	14.5	14.2	7.9	5	3.5	97.5	8.1	12
1983	4.1	5.2	7.2	4.1	7.8	10.8	11.9	16.4	16.1	11	5.6	4.2	104.4	8.7	12
1984	3.6	1.5	4.4	6.2	8.8	12.2	17.3	16.1	16.7	8.4	4.5	4.1	103.8	8.7	12
1985	3.1	2.3	4.6	7.1	9.2	10.2	15	12.3	11.3	10.2	5.5	3.9	94.7	7.9	12
1986	4.3	5.3	7.2	6.2	8.1	10.7	12.4	14.5	9.7	7.8	5.5	2.9	94.6	7.9	12
1987	1.6	3	4.9	7.2	10.4	10.6	11.4	12.7	11.3	13.2	5.6	1.9	93.8	7.8	12
1988	2.9	4.1	3.4	6.2	8.1	9.2	14.1	13	10.9	9.2	4.7	1.2	87	7.2	12
1989	1.1	2.5	6.7	7	10.7	10.1	13	12.9	10.2	12.4	3.5	2.6	92.7	7.7	12
1990	2.1	1.4			7.5	12	13.6	9.8	11.6	13.4	6.7	2.3	80.4	8	10
1991	1.9	2.3	3.8	6.5	5.9	7.3							27.7	4.6	6
1993	3.9	3.9	5.2	8.7	12.3	11.5	12.9	9.9	7	8.5	4.8	9.6	98.2	8.2	12
1994	5.5	5.5	5.7	6.8	8.5	10.1	12.7	14.7	6.9	8.6	1.6	0.5	87.1	7.3	12
1995	4.6	7.3	8.2	4.7	7.6	9.2		14.9	16.9	8.9	4.6	1.2	88.1	8	11
1996		5.7	3.6	11.9	15.2	13.1							49.5	9.9	5
1997	9	1.3	4.1			10.6	7.5	28.4	15.2	17.2	10.3	7.8	111.4	11.1	10
1998	4.6	4.4	5.7	6.1						11.2	4.2	2.7	38.9	5.6	7
1999	2.5	2.8	3.1	5.8	9.7								23.9	4.8	5
2000	5.4	6.9	3.7	7.1	9.2	7.6	11.5	11.3	13.1				75.8	8.4	9
2005										7.1	3.2	3.3	13.6	4.5	3
2006	4.7	3.8	3.6	5.4	8.5	12.1	17.1					1.8	57	7.1	8
2007	2.9	4	4.8	4.9	8.5	8.3	12.6	14.2	13.2	9	5.7	2.1	90.2	7.5	12
2008	3.6	3.3	3.3	5.7	7.4	10.8	12.4	13.5	13.6	11.3	8.6		93.5	8.5	11
2009	5.4	3.2	3.7	5	7.9	9.2	13.9	12.8	14.3	8.4	6	3.2	93	7.8	12
2010	3.8	3.6	3.9	3.6	5.4	7.5	11.7	12.6	9.3	9.1	4.3	4	78.8	6.6	12
2011	5.1	0.9	3.9	5	5.9	7.9	12.1	11.8	11.3	8.1	4.6	1.3	77.9	6.5	12
2012	2.7	2.7	3	4.1	4.8	9.6	14.7	16.3	15.4	10.5			83.8	8.4	10
2013	3.2	2.5	4.4	4.8	8.8	8.6	13.1	12.7	13.8	7.8	8.8	6	94.5	7.9	12
2014	8.7	7.7	8.6	8.7	10.9	11.2	16	16.3	16.2	12.3	9.2	8.2	134	11.2	12
2015	7.1	9	9	8.9	10.7	14	14.1	16.1	17.1	14.7	7.9	5.2	133.8	11.2	12
2016	5.2	7.5	6.7	9.3	11.3	13.8	16.1	15.5	12.3	11.6	9.6	6.1	125	10.4	12
2017	6.2	6.5	7.9	8	10.6	13.2	15.5	16.3	15.1	12	10.6	7.1	129	10.8	12
2018	9	6.2	7	8.6	10.8	11.4							53	8.8	6
2019	6.6	3.7	6.3	8	9.2	11.6	14	14.1	14.2	9.2	9.2	6.7	112.8	9.4	12
2020	5.1	5.1	7	9.1	10.7	13.3	14	17.6	17.2	14.6	10.6	6.4	130.7	10.9	12
MÍNIMA	-0.3	0.9	3	3.6	4.8	7.3	7.5	9.8	6.9	6.9	1.6	0.5	13.6	4.5	
MÁXIMA	9	9	9.4	11.9	15.2	14	17.3	28.4	17.2	17.2	10.6	9.6	134	11.2	
MEDIA	4.4	4.5	5.4	6.9	9.1	10.9	13.6	14.4	13.2	10	6.3	4.1	93.6	8.4	
DESV.ST	1.9	2	1.6	1.7	1.7	1.6	1.7	2.7	2.4	2.2	2.1	2.2	25	1.5	

TEMPERATURA MEDIA MENSUAL
AÑO	ENE	FEB	MAR	ABR	MAY	JUN	JUL	AGO	SEP	OCT	NOV	DIC	ACUM	PROM	MESES
1954			13	16.3	17.1	17.9	23.8	21.5	22.1	18	17	13.7	180.4	18	10
1955	10.2	12.3	14.3	15	15.9	18.4	20.7	24.5	23.5	17.2	15.2	13.3	200.5	16.7	12
1956	13.4	9.9	13.7	14.3	17.9	21.1	22.8	22.2	26.4	18.2	18.5	14.9	213.3	17.8	12
1957	11.3	14.9	14	14.7	15.8	22.2	24.1	23.8	22.2	17.7	14.4	15.4	210.5	17.5	12
1958	13.5	14.5	12.5	16.9	12.5	20.3	22.5	24.2	24.5	22.6	16.6	16.3	216.9	18.1	12
1959	14.7	12	17	18.1	16.9	21.4	25.1	24.7	22.3	20.1	18.8	14.5	225.6	18.8	12
1960	11.5	11.9	15.3	16.6	18.4	21.7	24.8	23.8	25.2	18.7	13.9	12	213.8	17.8	12
1961	14.5	12.9	13.5	16.5	15.8	20.6	22.4	23.6	21.1	19.1	14.1	12.7	206.8	17.2	12
1962	12.4	11.5	11.3	17	16	18.8	21		21.7	17.4	14.5		161.6	16.2	10
1963	10.6	15.4	12.8	13.9	16.9	18.3	21.8	23	25	19.9	15	14.3	206.9	17.2	12
1964	11.2	12	12.2	14.3	15.8	18.8	22.6	22.1	20.1	19	13.1	13.6	194.8	16.2	12
1965	13.1	12.3	12.2	15.3	15.9	17.2	21	23.8	20.6	19.9	15.1	11.8	198.2	16.5	12
1966	10.9	10.7	14	15.6	17.8	19.4	22.8	23.9	21.9	18.8	15.3	12.4	203.5	17	12
1967	12	12.7	13	11.5	17.3	18.1	23.3	25.5	22.9	20.3	16.5	11.5	204.6	17	12
1968	11.9	14.9	14	15.2	17.1	19.8	23.3	22.4	21.8	18.5	15	10.6	204.5	17	12
1969	13.1	10.9	12.6	15.3	17.6	18.5	23	24.9	23	16.7	16.2	12	203.8	17	12
1970	12.6	14.2	13.5	13.5	17.6	19.1	23	23.3	21.6	17.6		11.2	187.2	17	11
1971	11.7	11.2	12.6	14.2	15	17.7	21.8	24.6	19.5	16.4	12.5	8.7	185.9	15.5	12
1972	9.7	12.5	14.1	14.8	17	18.3	23.6	22.3	19.5	16.8	13.2	11.3	193.1	16.1	12
1973	9.8	11.7	9.9	12.5	16.2	20.5	21	21.6	18.6	18.2	13.1	11.7	184.8	15.4	12
1974	11.5	12	11.7	14.1	16.4	20.2	22.7	21	21.4	16.8	14.6	10.5	192.9	16.1	12
1975	11.6	10.3	10.8	11.4	15.1	17.6	20.8	21.9	22.2	17	13.9	11.8	184.4	15.4	12
1976	13.7	12.6	12.4	13.7	16.4	20.1	21.5	21.2	21.2	18.6	16.1	11.8	199.3	16.6	12
1977	11.9	13.6	10.8	14.6	14.7	19.1	22.4	22.5	20.8	18.6	16.7	14	199.7	16.6	12
1978	12.7	12.1	15	13.8	17.1	21	21.8	21.1	21.3	19.7	12.8	9.7	198.1	16.5	12
1979	9.9	10.3	12	14.1	16.4	20.5	21.3	21.3	24.2	17.2	13.6	12.7	193.5	16.1	12
1980	14.5	15	12	15	14.8	19.3	23.2	22.9	20.5	17.7	14.3	12.3	201.5	16.8	12
1981	13.3	13.9	12.4	15	16.9	20.9	22.7	23.3	21.5	15.9	14.3	13.2	203.3	16.9	12
1982	9.8	12.7	12.5	13.9	15.8	16.8	21.2	22.7	21.9	18.1	12.9	11	189.3	15.8	12
1983	12.6	12.3	12.5	11.6	15.8	17.5	21.3	24.3	24	19	13.5	11.5	195.9	16.3	12
1984	12.4	11.3	14	14	18.3	19.6	24.6	23.5	24.6	16.3	12.4	10.2	201.2	16.8	12
1985	10	10.8	11.6	16	16.4	20	23.7	22.2	19.5	17.9	12.6	12.7	193.4	16.1	12
1986	13.9	12.9	14.5	15	16.7	19.7	21.6	23.7	18.2	17	15.3	11.8	200.3	16.7	12
1987	10.3	11.2	12.2	16.3	17	18.6	19.4	20.9	21	20.4	13.7	9.4	190.4	15.9	12
1988	11.3	13.3	13.2	14.4	16.2	17.2	21.9	21.6	20	18.1	13.2	9.9	190.3	15.9	12
1989	10.2	11.2	15.5	16.7	18.4	18.9	22	21.2	19.2	21.4	14.8	13	202.5	16.9	12
1990	11.6	11.4			15.2	21	22.7	20.2	20.5	22.4	17.2	11.3	173.5	17.4	10
1991	11.4	13.6	12.1	15.1	14.2	15.6							82	13.7	6
1993	10.6	11.4	11.9	17.5	20.1	20.5	23.2	20.7	16.2	16.4	13.4	16.5	198.4	16.5	12
1994	14.4	12.1	12.7	15.2	15.9	18.1	21.5	22.3	16.1	16.8	10.2	10.2	185.5	15.5	12
1995	10.8	14.4	16.1	13.2	15.6	17		21.7	26.4	19	13.9	10.5	178.6	16.2	11
1996		12.1	13.4	20.5	23.3	22.2							91.5	18.3	5
1997	15.7	10.2	11.3			20.4	20	34	24.4	23.6	18.3	14	191.9	19.2	10
1998	12.4	10.1	11.6	13.2						16.9	12.4	10.2	86.8	12.4	7
1999	12.3	11.2	10.9	14	16.3								64.7	12.9	5
2000	10.8	13.5	12.4	15.9	17.8	17.4	20.4	20.3	20.2				148.7	16.5	9
2005										17.8	15.1	15.2	48.1	16	3
2006	12.7	12.5	10.1	13	16	20	25					10.7	120	15	8
2007	9.9	11.4	13.8	13.4	15.6	17.6	21.8	22.8	20.8	18.6	14	9.2	188.9	15.7	12
2008	10.2	10.3	12	14.6	15.1	20	20.7	22.1	22.3	20.4	17		184.7	16.8	11
2009	13.3	10.5	11.7	13.2	16.3	17	22.4	22.3	23	17.5	15.2	9.6	192	16	12
2010	11.2	10.4	11.1	11.3	12.8	15.9	19	21.3	19.8	16	12.9	13.5	175.2	14.6	12
2011	13.9	8.5	11.8	13.8	14.3	16.5	20.5	20.7	20.4	17.8	12.7	9.2	180.1	15	12
2012	12.2	10.9	12.2	13	14.7	18.1	22	24.7	24.6	19.4			171.8	17.2	10
2013	10.3	9.9	13	13.7	17.3	18.1	21.9	21.9	22.5	16.7	15.6	13.4	194.3	16.2	12
2014	17.1	15.2	15.7		19.2	19.9	23.6	24.4	24.5	20.9	17.3	13.7	211.5	19.2	11
2015	14.4	16.5	17.2		16	21.9	21.3	24.4	24.6	21.5	15.4	12.6	205.8	18.7	11
2016	11.5	17.2	15.2		17	22.1	23.8	24	18.6	20.1	17.9	13.8	201.2	18.3	11
2017	11.5	14	16.3		16.7	20.7	23.3	24.1	22.3	21.6	18.8	16.2	205.5	18.7	11
2018	18.7	13.9	14.8		17.6	19.6							84.6	16.9	5
2019	13.3	10.1	13.3	16.6	15.5	19.1	22.8	23.4	22.7	18.7	17.3	13.2	206	17.2	12
2020	13.4	14.1	12.4	15.4	19.3	21.3	23.2	26.4	26.9	23.1	18.1	14.5	228.1	19	12
MÍNIMA	9.7	8.5	9.9	11.3	12.5	15.6	19	20.2	16.1	15.9	10.2	8.7	48.1	12.4	
MÁXIMA	18.7	17.2	17.2	20.5	23.3	22.2	25.1	34	26.9	23.6	18.8	16.5	228.1	19.2	
MEDIA	12.2	12.3	13	14.7	16.5	19.2	22.3	23	21.9	18.7	14.9	12.3	182.8	16.6	
DESV.ST	1.8	1.8	1.6	1.7	1.7	1.6	1.4	2.1	2.4	1.9	1.9	1.9	39.1	1.3	
