 COMISIÓN NACIONAL DEL AGUA
 COORDINACIÓN GENERAL DEL SERVICIO METEOROLÓGICO NACIONAL
 PROYECTO DE BASES DE DATOS CLIMATOLÓGICOS

 ESTACIÓN  : 2004 
 NOMBRE    : IGNACIO ZARAGOZA -BELEN- 



LLUVIA MÁXIMA 24H
AÑO	ENE	FEB	MAR	ABR	MAY	JUN	JUL	AGO	SEP	OCT	NOV	DIC	ACUM	PROM	MESES
1964												31.5	31.5	31.5	1
1965	3	29	24.5	37	0.1	0.2	5	6	3	0	70.7	30.6	209.1	17.4	12
1966	10.5	22.5	8.5	0	0.7	0	0	0	0	0	0	13.5	55.7	4.6	12
1967	0	0	5.1	22	0	0	1.2	0	0	0	23	49.5	100.8	8.4	12
1968	6.3	9	22.5	2.8	6.1	3.1	9	0	0	1.2	10.5	19.5	90	7.5	12
1969	46.7	45.4	13.5	3	5.5	0	1.5	0	6.3	0	17	9.5	148.4	12.4	12
1970	6.5	29	35	11	0	0	0	11.2	0	3.5	23.4	32.2	151.8	12.7	12
1971	15.4	19.5	6.5	17.2	10.6	0	0	2.1	5.3	17.5	4.4	15.5	114	9.5	12
1972	0	4.6	0.2	0.8	2.4	20.7	0	4	20	29.5	23.5	15.9	121.6	10.1	12
1973	10.6	18	31.5	3.7	1.6	0	0	5.5	0	1	18	2.6	92.5	7.7	12
1974	43	1	23.5	1.6	0	0	20.3	0	0	24.2	3.1	9.7	126.4	10.5	12
1975	24.2	12.2	18	25.6	0.5	2.7	0	0	5.6	0	17.3	6.5	112.6	9.4	12
1976	0.3	49.2	15	15.5	0.2	0.1	2.2	0	55.9	13.8	17.8	16.4	186.4	15.5	12
1977	15.4	7.5	16.7	6.5	16.5	2.1	1.3	57.5	0	27.9	3.6	70.5	225.5	18.8	12
1978	64.8	38.3	62.3	11.3	0.2	0	0	0	2.4	1.9	37.4	33	251.6	21	12
1979	25.4	19.5	34.4	2.3	3.5	0	7	0	0	11.3	7.6	19.3	130.3	10.9	12
1980	125.5	67.7	22.1	25.2	11.2	0	0	0	0	0	0	10.5	262.2	21.9	12
1981	30	23.7	28.1	8.8	2.3	0	0	1.7	1.5	1.5	27.7	8.8	134.1	11.2	12
1982	1.2	35.6	35.2	11.4	1.7	0	7	1.2	3.6	4.7	44.2	33.3	179.1	14.9	12
1983	0	54	61	19.2	0	0	0	33	7.5	28	20.1	29.9	252.7	21.1	12
1984	8	0	8	8			0.4	7	0.4	0.4	10	35	77.2	7.7	10
1985	10.5	20	7	0.3	0	0	2	0	6	25	45	19	134.8	11.2	12
1986	17	31	19	3	0	0	2	0	10	18	15	18	133	11.1	12
1987	18	35	19	10	1	0	0	0	5	25	50	25	188	15.7	12
1988	13	35	25	25	0	0	0	0	0	0	14	13	125	10.4	12
1989		41	22	2	1	0	0	0	3.5	2	2	2	75.5	6.9	11
1990	24	10	5	4.5	6.5	4.5	0	0	0	0	15.5	21	91	7.6	12
1991	17	132	37		1.7	0	3	0	17	17	9		233.7	23.4	10
1992	36	40	24	4	13	0							117	19.5	6
1993				0	4	3	0	2	0	8	13	11	41	4.6	9
1994	11.5	35	20	10	0	0	0	16	0	3.5	15.4	2.5	113.9	9.5	12
1995	31	71	30	21	5	0.3	0		3		6	5	172.3	17.2	10
1996	34	24	44	4	0	0	5	9	0	14	18	5	157	13.1	12
1997	59	21	0	14	0	5	0	0	19	0.5	28	36.5	183	15.2	12
1998	31	47	26.5	8.5	23	0.5	0	18.5	4	6	13.5	13	191.5	16	12
1999	9.5	0	14.5										24	8	3
2000	3	32	13	0	0	8	0	0	3	8	15.5	2.5	85	7.1	12
2001	24	20	0	12.5	0	0	3	0.2	0	0	13.5	11	84.2	7	12
2002	5	1	12	2	0	0							20	3.3	6
2003						0	0	0	0	0	16.5	17.2	33.7	4.8	7
2004	4.1	40.1	14.2	7.2	0	0	0	0	0	42	20.2	35.5	163.3	13.6	12
2007	0	0	0	0	0	0	0	0	4	0	45	15	64	5.3	12
2008	45	20	10	0	7.3	0	8.5	5.5	0	0	32		128.3	11.7	11
2009	1	16	0	3	0	0.7	0	0	2	0	18	51	91.7	7.6	12
2010	62	25	23	8	0	0	0	9	0.5	42.5	15	31	216	18	12
2011	8	82	24	6	5	0	3	0	2	7.5	32.5	20	190	15.8	12
2012	6.5	23	57	18	0	0	0	1	5	3.5			114	11.4	10
2013	28	23.5	21	1	5	0	2	10	6	17	7	13	133.5	11.1	12
2014	4.5	6	19.5	4.5	0	0	2.5	4.7	0	0	7.5	21	70.2	5.8	12
2015	15	37	22	3	48	0	43.5	0	4.5	9.5	11	9	202.5	16.9	12
2016	33	0	20	14	0	0	0	0	0	0	20	50	137	11.4	12
2017	32.5	38	11	0	15	0	0	7.5	0	0	7.5	0	111.5	9.3	12
2018	18	12	8.5	1	0	12	0	0	2.5	1	13.5	25.5	94	7.8	12
2019	14	29	5.5	2.5	3.5	0	0	0	15	0	73	35	177.5	14.8	12
2020	6	26	25	21	0	0	0	0	0	0	3	0	81	6.8	12
MÍNIMA	0	0	0	0	0	0	0	0	0	0	0	0	20	3.3	
MÁXIMA	125.5	132	62.3	37	48	20.7	43.5	57.5	55.9	42.5	73	70.5	262.2	31.5	
MEDIA	20.7	28	20.2	8.7	4	1.2	2.5	4.3	4.4	8.3	19.5	20.4	131.5	12.1	
DESV.ST	22.4	23.7	14.5	8.6	8	3.5	6.8	9.8	8.9	11.5	16.1	15.1	60.5	5.6	

LLUVIA TOTAL MENSUAL
AÑO	ENE	FEB	MAR	ABR	MAY	JUN	JUL	AGO	SEP	OCT	NOV	DIC	ACUM	PROM	MESES
1964												35.8	35.8	35.8	1
1965	10.7	47.3	39.3	145.5	0.1	0.2	7	6	6.5	0	161.5	121.6	545.7	45.5	12
1966	17.5	54	26	0	0.7	0	0	0	0	0	0	13.5	111.7	9.3	12
1967	0	0	14.7	84.5	0	0	2.4	0	0	0	61.5	119.9	283	23.6	12
1968	13.6	15.2	28	4.3	8.7	3.1	16.5	0	0	1.2	13.2	41.4	145.2	12.1	12
1969	192.2	156.6	47.6	6.3	11.5	0	1.5	0	6.3	0	20.1	13	455.1	37.9	12
1970	10.1	78.5	63.5	15.5	0	0	0	11.2	0	3.5	28.9	91.9	303.1	25.3	12
1971	30.2	34	11.6	33	19.6	0	0	3.1	9.4	43.9	6.9	77.7	269.4	22.4	12
1972	0	5.3	0.2	1.4	3.8	29.7	0	6	45	56.5	49.2	30.5	227.6	19	12
1973	60.3	92.7	147.1	7.8	3.3	0	0	12.2	0	1.5	51.5	3.3	379.7	31.6	12
1974	83.2	1.3	43	1.6	0	0	43.3	0	0	46.6	6.1	28.4	253.5	21.1	12
1975	26.7	24.2	71.5	69.1	0.5	2.7	0	0	5.6	0	23.3	7	230.6	19.2	12
1976	0.3	158.1	40.55	39.9	0.2	0.1	3.6	0	103.9	16.4	29.1	32.4	424.55	35.4	12
1977	50.5	7.5	36.9	7.7	24.4	2.1	1.3	59.4	0	34.4	3.6	126.8	354.6	29.6	12
1978	183.9	151.2	205.8	36.9	0.2	0	0	0	2.8	2.3	112.8	95.7	791.6	66	12
1979	124.6	37.9	160.3	2.3	7	0	8	0	0	11.3	7.6	26	385	32.1	12
1980	299.7	240.7	85.7	41	16.8	0	0	0	0	0	0	12.9	696.8	58.1	12
1981	42.8	67.4	100	15.7	2.3	0	0	1.7	1.5	2.8	48.8	10	293	24.4	12
1982	1.7	51.3	106.1	11.4	2	0	7	1.7	5.6	4.7	111.6	85.1	388.2	32.4	12
1983	0	119.3	230	61.4	0	0	0	64.3	17.5	28	61.4	57.3	639.2	53.3	12
1984	10	0	10	10			0.4	13	0.4	0.4	30.3	107.1	181.6	18.2	10
1985	11.2	36.1	15	0.4	0	0	2	0	12	43	105	26	250.7	20.9	12
1986	17.4	99	76	3	0	0	2	0	12	18	15	47.5	289.9	24.2	12
1987	38	82	41.4	10	1.5	0	0	0	10	100	96	63	441.9	36.8	12
1988	13	35.3	25	89	0	0	0	0	0	0	19	13	194.3	16.2	12
1989		48	23	2	1.5	0	0	0	3.5	4	3.5	2.5	88	8	11
1990	95	33.5	11.5	13.6	6.5	7	0	0	0	0	28.5	38	233.6	19.5	12
1991	40.7	182	169.5		1.7	0	4	0	32	17	21		467.9	46.8	10
1992	58.1	99	118	4	20	0							299.1	49.9	6
1993				0	4	3	0	2	0	10.5	31.51	23.5	74.51	8.3	9
1994	14.5	105.51	57.1	36	0	0	0	16	0	6.5	35.4	3.5	274.51	22.9	12
1995	174.53	95.5	64.5	38	13	0.5	0		3		6	11	406.03	40.6	10
1996	56	44	56.5	4	0	0	5	17	0	21	26	12	241.5	20.1	12
1997	126.2	32	0	14.5	0	6	0	0	31	1	52.5	97.5	360.7	30.1	12
1998	55.5	257	114.5	22	44.1	0.5	0	27	4	6	26	30	586.6	48.9	12
1999	21.3	0	21.6										42.9	14.3	3
2000	5	103.7	23.5	0	0	8	0	0	3	10	18.5	2.5	174.2	14.5	12
2001	90	105	0	15.5	0	0	3	0.2	0	0	19.5	33.5	266.7	22.2	12
2002	6.5	1	28	2.01	0	0							37.51	6.3	6
2003						0	0	0	0	0	16.6	19.9	36.5	5.2	7
2004	7.7	82.1	18.2	11.8	0	0	0	0	0	97.2	29.5	74.5	321	26.8	12
2007	0	0	0	0	0	0	0	0	5	0	45	33.5	83.5	7	12
2008	163.8	67	10	0	8.81	0	8.5	7.5	0	0	57.5		323.11	29.4	11
2009	1	69	0	4	0	0.7	0	0	2	0	22	105	203.7	17	12
2010	176	61	28	23.5	0	0	0	9.5	0.5	52	21.5	99.51	471.51	39.3	12
2011	12	133	45	13.5	8.02	0	4	0	2	8.5	97.5	30	353.52	29.5	12
2012	8.5	56	61	51	0	0	0	1.01	7	3.5			188.01	18.8	10
2013	73.02	39.01	32.51	1.02	12.5	0	2.03	11	11.5	28.5	9.01	19.53	239.63	20	12
2014	4.5	11.51	22.5	8	0	0	2.5	5.7	0	0.01	9.5	59	123.22	10.3	12
2015	49.5	51	45.5	8	58.01	0	43.51	0.01	7.01	15.51	19.52	26.01	323.58	27	12
2016	106.03	0	31.51	28.02	0.01	0	0	0	0	0	40	153.5	359.07	29.9	12
2017	130.2	99.53	12	0	18.51	0	0	7.5	0.01	0.01	7.5	0	275.26	22.9	12
2018	29.01	23.01	19.5	1	0.02	12	0	0	2.5	1.01	17.01	67.5	172.56	14.4	12
2019	38.01	134	14.02	4.53	13.03	0	0	0	15.01	0	189.5	122.01	530.11	44.2	12
2020	6	28.5	77.5	49.52	0.01	0.01	0	0	0	0	3	0	164.54	13.7	12
MÍNIMA	0	0	0	0	0	0	0	0	0	0	0	0	35.8	5.2	
MÁXIMA	299.7	257	230	145.5	58.01	29.7	43.51	64.3	103.9	100	189.5	153.5	791.6	66	
MEDIA	54.6	68.4	52.5	20.7	6.1	1.5	3.3	5.7	7.2	13.9	38.3	48	296.3	26.5	
DESV.ST	65.6	59.8	53	28.5	11.3	4.6	8.8	13	16.5	23.3	40.7	41.5	167.1	13.8	

EVAPORACIÓN MENSUAL
AÑO	ENE	FEB	MAR	ABR	MAY	JUN	JUL	AGO	SEP	OCT	NOV	DIC	ACUM	PROM	MESES
1969											93.9		93.9	93.9	1
1974									122.84	115.21	64.8		302.85	101	3
1975			28.6	113.1	145.44	244.4	198.7	35	93.3				858.54	122.6	7
1976					186.3	305	225.1	273.5	131.8	150.7	126.7	111.6	1510.7	188.8	8
1977	72.6	99.3	130.8	164	164.3	272.6	282.1	240.3	203.9	145.7	107.2	81.1	1963.9	163.7	12
1978	44.1	69.6	98	113.1	188.4	189.4	131.4	19	55.77	2.06	8.11	5.66	924.6	77	12
1979	48.7	60	74.7	79.1									262.5	65.6	4
1981					164.2	294.6	279.6	288.7	172.1	127.1	119.1	59.8	1505.2	188.2	8
1982	62.7	69.5	85.7	114.3	149.1	189.1		201.7		103	84.7	66.8	1126.6	112.7	10
1983	78.8	58.4	81.6	107.6	180.1								506.5	101.3	5
1996						112.89							112.89	112.9	1
2000									3				3	3	1
2007					79.8	225.63	219.32	171.16	144.65	145.5	98.38	72.5	1156.94	144.6	8
2008	96.3	8.28	108.3	155.62	147.35	219.94	217.48	182.55	180.44	178.7	101.03		1595.99	145.1	11
2009	84.05	70.29	74.81	116.85	164.12	140.59	216.3	213.05	188.82	127.16	103.26	61.46	1560.76	130.1	12
2010	54.91		66.04	87.85	81.27	167.38	170.66	157.98	156.29	80.11	98.49	87.1	1208.08	109.8	11
2011	77.44	73.24	97.36	114.47	146.03	164.13	192.75	235.11	198.38	168.59	90.48	72.88	1630.86	135.9	12
2012	106.66	84	144.67	143.29	194.46	262.13	303.15	270.82	225.73	159.77			1894.68	189.5	10
2013	74.88	76.9	113.88	166.67	214.15	243	271.9	260.78	182.54	117.86	82.78	97.65	1902.99	158.6	12
2014	125.98	87.91	114.88	175.61	262.83	243.55	244.7	225.09	192.32	164	131.91	60.13	2028.91	169.1	12
2015	72.02	91.02	130.66	110.03	130.58	211	190.52	245.9	168.63	127.65	93.78	72.72	1644.51	137	12
2016	47.82	109.53	104.96	114.51	113.56	224.26	62.73					91.7	869.07	108.6	8
2017	89.9	70.76	99.33	154.01	177.55	259.16	268.2	228.74	167.37	180.61	104.58	113.17	1913.38	159.4	12
2018	124.38	91.3	134.23	207.32	153.16				204.42	119.8	144.39	65.09	1244.09	138.2	9
2019	69.95	78.62	86.7	143.13	117.62	160.67		244.24	183.17	165.72	167.58	90.35	1507.75	137.1	11
2020	62.75	67.42	95.58	117.84	73.26		159.72	138.96	144.3	79.9	72.11	64.84	1076.68	97.9	11
MÍNIMA	44.1	8.28	28.6	79.1	73.26	112.89	62.73	19	3	2.06	8.11	5.66	3	3	
MÁXIMA	125.98	109.53	144.67	207.32	262.83	305	303.15	288.7	225.73	180.61	167.58	113.17	2028.91	189.5	
MEDIA	77.4	74.5	98.5	131.5	154	217.3	213.8	201.8	156	129.4	99.6	75	1169.5	126.6	
DESV.ST	24.1	21.9	27.7	32.5	45.8	52.5	61.3	75.6	54.1	43	33.2	24.7	633	41.8	

TEMPERATURA MÁXIMA EXTREMA
AÑO	ENE	FEB	MAR	ABR	MAY	JUN	JUL	AGO	SEP	OCT	NOV	DIC	ACUM	PROM	MESES
1964												23	23	23	1
1965	26.5	28	26	33.5	39.5	33.5	45	40.5	38	38	37.5	30	416	34.7	12
1966	23	23.5	36	36	33	37.5	39	39.5	41	35	34.5	30	408	34	12
1967	33	32	30	24	36	39	41	44	37	37	34	24	411	34.2	12
1968	25	29	30	34	39	41	40	39	42	37	32.5	26	414.5	34.5	12
1969	30	22.5	29	28	32.5	38.5	37.5	42.5	40	33.5	30	29.5	393.5	32.8	12
1970	26	29	27	29	38	43	43	45	39	36	35	30	420	35	12
1971	34	31	34	31.5	32	40	40	41	44	37	30	19	413.5	34.5	12
1972	24.5	29	36	35	37	38	42.5	42	39	32.5	29	27	411.5	34.3	12
1973	27.5	23.5	22.5	29	38.5	43	41	40	37.5	38	32	30	402.5	33.5	12
1974	27.5	29	30	30.5	40	42	39.5	39	39	35.5	33.5	25	410.5	34.2	12
1975	30	28	27	25.5	34	36.5	39.5	41	39	37	34	29.5	401	33.4	12
1976	30	26	29	30	36.5	42	42	40	34	36	33.5	27	406	33.8	12
1977	25	32	27	32	36	42	41	39	39	35	33	28	409	34.1	12
1978	24	25	28	29	37	39	42	38	38	37	32	23	392	32.7	12
1979	20	24	26	27	34	43	42	38	42	36	28	33	393	32.8	12
1980	28	27	21	32	31	38	39	42	41	40	34	30	403	33.6	12
1981	25	30	23	30	33	39	39	43	37	32	31	27	389	32.4	12
1982	40	25	28	30	32	33	39	40	43	32	28	25	395	32.9	12
1983	36	25	25	25	34	36	42	40	38	34	29	26	390	32.5	12
1984	30	25	30	30			38	38	38	30	28	21	308	30.8	10
1985	20	26	26	33	30	40	40	40	35	38	30	28	386	32.2	12
1986	25	30	30	33	35	40	36	38	39	32	30	26	394	32.8	12
1987	23	25	23	20	34	26	40	39	39	40	29	28	366	30.5	12
1988	25	28	30	38	35	33	39	35	39	35	32	25	394	32.8	12
1989		32	32	40	35.5	42	43	39	41	35	29	29	397.5	36.1	11
1990	31	28	30	32	41	43	39	39	42	35	30	26	416	34.7	12
1991	24	29	29		31	31	36	38	37	38	30		323	32.3	10
1992	23	26	24	34	36	36							179	29.8	6
1993				30	36	36	36	40	38	35	27	24	302	33.6	9
1994	26	22	26	30	32	39	38	39	36	31	26	24	369	30.8	12
1995	22	26	24	26	28	34	43	43	42	36	33	31	388	32.3	12
1996	30	29	29	35	39	46	42	39	34	36	31	25	415	34.6	12
1997	22	24	32	29	34	32	38	39	36	33	31	22	372	31	12
1998	23	17	25	28	25	34	40	40	33	29	25	23	342	28.5	12
1999	23	22	25										70	23.3	3
2000	24	25	25	29	35	34	39	39	38	30	25	25	368	30.7	12
2001	25	27	27	29	35	36	37	38	38	33	26	21	372	31	12
2002	25	30	25	30	32	36							178	29.7	6
2003						49	50	51	51	49	39	36.3	325.3	46.5	7
2004	36	39	42.4	46.8	47.4	45.4	49.3	52.3	47	46	33	33	517.6	43.1	12
2007					37.5	37	39	39	42	35	32	28	289.5	36.2	8
2008	23	25	29	35	39	42	40	42	40	38	33		386	35.1	11
2009	26	27	30	36	35	31	42	44	40	37	34	22	404	33.7	12
2010	24	27	27	26	35	33	41	41	42	34	32	29	391	32.6	12
2011	28	25	27	33	34	38	40	40	40	38	32	26	401	33.4	12
2012	30	27	30	34	36	38	40	42	40	42			359	35.9	10
2013	26	27	31	34	39	41	42	41	40	34	32	30	417	34.8	12
2014	30	31	32	36	39	36	41	40	42	37	33	24	421	35.1	12
2015	26	29	33	35	34	40	37	42	40	36	31	29	412	34.3	12
2016	24	30	30	32	30	44	39	41	39	30	30	25	394	32.8	12
2017	24	26	30	34	37	42	42	44	44	36	34	28	421	35.1	12
2018	30	26	32	32	35	33			40	34	32	26	320	32	10
2019	24	19	26	31	27	30	42	40	39	41	39	26	384	32	12
2020	27	25	25	27	23	30	30	46	42	36	22	23	356	29.7	12
MÍNIMA	20	17	21	20	23	26	30	35	33	29	22	19	23	23	
MÁXIMA	40	39	42.4	46.8	47.4	49	50	52.3	51	49	39	36.3	517.6	46.5	
MEDIA	26.7	26.9	28.4	31.4	34.8	37.9	40.2	40.8	39.6	35.8	31.2	26.6	368	33.1	
DESV.ST	4.2	3.6	3.9	4.4	4.1	4.7	3.1	3.1	3.1	3.7	3.4	3.4	82.9	3.4	

TEMPERATURA MÁXIMA PROMEDIO
AÑO	ENE	FEB	MAR	ABR	MAY	JUN	JUL	AGO	SEP	OCT	NOV	DIC	ACUM	PROM	MESES
1964												17.5	17.5	17.5	1
1965	19.1	18.9	18.3	21.5	23.1	24	32.6	34.4	29.4	31.2	21.8	15.4	289.7	24.1	12
1966	16.1	16.4	22.3	26.4	27.4	30	33.6	34.3	31.9	28.3	20.8	19.4	306.9	25.6	12
1967	21.9	22.8	21.8	18.1	25.6	25.4	35.5	38.2	29.9	31.1	23.7	15.7	309.7	25.8	12
1968	18.3	21.7	20.7	22.7	25.8	29.6	32.7	32.1	31.7	27.7	22.7	18.1	303.8	25.3	12
1969	17.8	14.8	18.6	21.5	25.1	24.8	32.6	35.9	33	25.9	22.3	21.3	293.6	24.5	12
1970	19.8	21.5	18.3	19.6	27.8	31.4	38.6	36	32.8	26.8	25.1	18.2	315.9	26.3	12
1971	20.3	20.3	21.9	20.8	22.4	28.5	32.9	34.5	31.6	25	21.1	14.2	293.5	24.5	12
1972	19.3	21.6	23.7	28.1	27.7	29.9	37	33.3	30.9	24.3	21	18.4	315.2	26.3	12
1973	17.8	18	15.4	21.7	27.9	34.2	35.4	34.5	30.6	30.2	21.8	21.7	309.2	25.8	12
1974	18.3	21.5	20.7	26.3	29.9	35	35.1	34.7	37	24.2	24.7	20	327.4	27.3	12
1975	22	18.6	17.5	17.9	25	30.8	34.6	35.8	35.1	27.8	24.9	20.8	310.8	25.9	12
1976	23.2	19	20.6	22.3	26.2	32.3	32.3	33.3	26.7	28.7	24.8	22.1	311.5	26	12
1977	18.6	22.5	19.5	25.5	22.3	33.6	35.9	33.6	30.6	28.7	25.4	20.5	316.7	26.4	12
1978	16.7	16.5	18.1	18.3	25.5	34	35.7	34	30.3	30	18.8	14.5	292.4	24.4	12
1979	12.9	16.4	16.7	22.3	23.8	32	35	32.2	36.3	27.5	22.3	21.6	299	24.9	12
1980	16.6	19.4	14.9	20.6	20.7	30.4	33.6	35	32.3	29.5	24.1	19.8	296.9	24.7	12
1981	18.7	20	16.5	21.4	23.6	33	33.8	36.4	32.4	23.1	23.1	21.3	303.3	25.3	12
1982	33.9	17.7	17.3	21.3	22.5	25.1	34.3	33.9	29.8	27	18.6	16.5	297.9	24.8	12
1983	27.6	17.1	16.6	17.6	24.9	27.5	33.7	33.2	33.3	26.9	20	17	295.4	24.6	12
1984	20.1	19.2	20.1	20.1			31.6	31.4	31.7	22.3	19.4	14.5	230.4	23	10
1985	15	17.7	17.6	24.6	24.2	31.5	34.8	32.3	26.8	24.8	19.1	18.4	286.8	23.9	12
1986	21.5	17.8	19.9	23	25.5	29.6	30.9	34.8	26.7	23.9	22.2	17.5	293.3	24.4	12
1987	14.4	18	14.4	12.9	25.3	21.9	31.9	30.6	32.3	26.4	20.3	15.6	264	22	12
1988	19.8	22.7	21.5	23.9	26.4	26.6	33.7	31.2	29.6	29.5	22.5	19.8	307.2	25.6	12
1989		19.9	26.3	27.3	26.4	29.6	35.1	32.4	33.8	28	23.8	21	303.6	27.6	11
1990	18.5	16.8	20.3	23.1	25.9	32.5	34.9	30.6	31.5	28.4	22.1	16.8	301.4	25.1	12
1991	17.9	22.8	16.2		24	25.7	29.9	32.3	30.9	28.4	22.7		250.8	25.1	10
1992	16.2	17.9	16.7	22.2	25.2	28.1							126.3	21	6
1993				23.6	25.9	29.2	27.7	31.4	30.1	25.4	19.4	15.8	228.5	25.4	9
1994	19	15.2	18	20.1	20.7	29.9	31	32.4	31.5	23	15.3	14.9	271	22.6	12
1995	13.8	18.6	17.2	18.7	19.4	26.2	33.3	39.1	36.2	30.2	28.1	21.6	302.4	25.2	12
1996	21.3	20.5	22.4	26.9	29.6	43.1	34.9	32.7	28.5	24.8	21.6	17.6	323.9	27	12
1997	14.7	16.2	22.9	20.9	27.6	24.9	30	32.4	30.9	23.9	20.3	15	279.7	23.3	12
1998	16.2	12.3	16.4	17.9	19.1	24.7	33	34.2	26.9	23.5	19.6	14.9	258.7	21.6	12
1999	18.1	18.6	16.3										53	17.7	3
2000	18.2	16.1	16.1	24.4	25.7	29.5	31.4	33.5	30.5	21.4	17.6	21	285.4	23.8	12
2001	14.7	13.8	19.2	19	26.3	31	31.1	32.6	32	26	20.6	14.4	280.7	23.4	12
2002	16.5	19.5	17.3	20.5	22.7	28.3							124.8	20.8	6
2003						36.7	44.7	45.7	44	41.5	29	28.4	270	38.6	7
2004	28	25.8	34.9	33.7	37.8	38.1	42.2	43.6	42.3	31.5	24.2	21.8	403.9	33.7	12
2007					33.1	31.5	33.6	35.9	30.4	26.8	22.8	15.2	229.3	28.7	8
2008	13.6	15.9	21	22.9	25.3	33.8	34.1	34.3	33	30	24.5		288.4	26.2	11
2009	20	17.4	18.9	22.2	28.5	25.8	36.3	34.4	35	26.9	25.5	15.4	306.3	25.5	12
2010	17.6	16.7	18.9	19.1	23.9	28.5	32.2	33.3	33.2	24.6	20.3	18.3	286.6	23.9	12
2011	18.6	15.6	19.1	22.7	24	29.3	32.7	36	33.5	29.2	20.6	16.9	298.2	24.9	12
2012	22	18.7	21.5	23.5	28.8	32.1	34.6	37	36.2	29.8			284.2	28.4	10
2013	16	16.8	23.3	24.3	27.7	32.6	35.2	35.1	33.7	26.1	22.5	19.7	313	26.1	12
2014	24.6	21.8	23.1	25.4	29.3	32.5	34.6	34.6	35	29.9	24	17.4	332.2	27.7	12
2015	20.1	23.8	25.3	24.8	22	32.8	32.2	35.5	32.8	28.5	22.1	17.3	317.2	26.4	12
2016	16.7	24.7	21.3	23.8	22.9	32.1	34.1	35.5	31.6	23	21.4	15.9	303	25.2	12
2017	14	17.2	21.7	25.3	25.4	32.6	34.5	34.9	30.2	23.4	24.3	22.7	306.2	25.5	12
2018	23.2	15.9	19.8	25.4	24.5	27.4			33.3	27	23.1	17.6	237.2	23.7	10
2019	17.1	13.6	17.8	23.7	19.7	22.1	31	34	31.5	35.2	29.7	18.8	294.2	24.5	12
2020	18.7	18.3	15.4	17.8	20	22.7	21.3	40.5	36.7	21.9	17.8	17.8	268.9	22.4	12
MÍNIMA	12.9	12.3	14.4	12.9	19.1	21.9	21.3	30.6	26.7	21.4	15.3	14.2	17.5	17.5	
MÁXIMA	33.9	25.8	34.9	33.7	37.8	43.1	44.7	45.7	44	41.5	29.7	28.4	403.9	38.6	
MEDIA	18.9	18.6	19.6	22.4	25.3	29.9	33.7	34.6	32.3	27.2	22.3	18.3	278.5	25.1	
DESV.ST	3.9	2.9	3.5	3.4	3.4	4.1	3.3	2.9	3.3	3.5	2.8	2.9	63.9	3.1	

TEMPERATURA MÍNIMA EXTREMA
AÑO	ENE	FEB	MAR	ABR	MAY	JUN	JUL	AGO	SEP	OCT	NOV	DIC	ACUM	PROM	MESES
1964												-2.5	-2.5	-2.5	1
1965	-3.5	-3.5	-3	0	2.5	5	8	10	6	3	1	-4	21.5	1.8	12
1966	-5	-3	-3.5	1	3	4.5	8	8	7	-5.5	2	-7	9.5	0.8	12
1967	-5	-5	0	0	1	3	11	13.5	11	4	3	0	36.5	3	12
1968	-4	1	-2	0	4	6	8	9	5	3.5	-2	-5	23.5	2	12
1969	-3	-3	-2	2	4	7.5	6	7.5	7.5	2	1.5	-6	24	2	12
1970	-6	-2	-2	-3	4	9	11	12	4	1	1	-6	23	1.9	12
1971	-3	-3	-3	0	3	2	6.5	11.5	5	-2	-2	-3	12	1	12
1972	-6	-6.5	-2	0	4.5	9	11	9.5	7.5	7	-4	-5.5	24.5	2	12
1973	-5	-0.5	-1.5	0	3.5	7	5.5	7	5	2.5	-0.5	-1	22	1.8	12
1974	-2	-3.5	-1.5	0	4	7.5	10	9	15	6	1.5	-6	40	3.3	12
1975	-3	-3.5	0.5	-0.5	1	6.5	9	9	10	3	-4	-2.5	25.5	2.1	12
1976	0	2	0.5	2	5.5	6	9	9	12	3.5	4.5	-5	49	4.1	12
1977	-1	-5	-1	2	4	10	10	13	6	5	0	0	43	3.6	12
1978	0	-1	2	2	4	6	6	10	5	4	0	-4	34	2.8	12
1979	-4	-2	0	0	0	4	7	10	8	0	0	-5	18	1.5	12
1980	-4	-2	1	1	3	6	13	11	11	3	-2	-4	37	3.1	12
1981	-3	-3	2	2	4	10	10	8	10	1	1	0	42	3.5	12
1982	10	0	-1	1	4	5	7	10	9	3	-1	-3	44	3.7	12
1983	6	0	4	0	4	6	6	13	13	7	-2	1	58	4.8	12
1984	1	0	1	1			15	13	11	3	5	2	52	5.2	10
1985	0	-3	0	3	2	6	8	8	4	5	2	-3	32	2.7	12
1986	0	0	2	4	3	3	4	5	1	1	3	1	27	2.2	12
1987	1	2	1	2	8	2	7	11	10.5	10	0	-4	50.5	4.2	12
1988	2	4	3	3	4	4	9	5	5	5	2	2	48	4	12
1989		-1	5	7	9	10	10	10	5	2	-1	-4	52	4.7	11
1990	0	0.1	1	5	4	7	12	10	9	4	0	-4	48.1	4	12
1991	0	1	0		3	6	10	11	8	4	1		44	4.4	10
1992	0	0	2	1	7	7							17	2.8	6
1993				2	5	7	9	8	4	4	0.1	0	39.1	4.3	9
1994	0	0	3	3	2	1	8	10	4	2	0	0	33	2.8	12
1995	0	4	1	2	2	6	10	12	9	2	3	0.1	51.1	4.3	12
1996	1	1	1	3	7	16	8	6	4	0	1	0	48	4	12
1997	1	0	0	0	3	2	3	7	7	1	1	1	26	2.2	12
1998	1	1	1	1	1	2	5	6	4	0	0	0	22	1.8	12
1999	0	0	0										0	0	3
2000	-8	-6	-6	-4	-1	0	1	3	1	-2	-9	-7	-38	-3.2	12
2001	-8	-8	-6	-4	-2	2	3	3	4	0	-4	-9	-29	-2.4	12
2002	-11	-9	-9	-2	0	0							-31	-5.2	6
2003						10.5	12.1	14	12	10	1.5	1	61.1	8.7	7
2004	0	0	2.5	5	9	11.2	11	17	9	11	8	9	92.7	7.7	12
2007					7	7	10	10	6	3	1	-3	41	5.1	8
2008	-2	-3	-2	-2	3	5	9	9	7	0	3		27	2.5	11
2009	-3	-3	-2	0	7	7	10	7	9	0	-4	-4	24	2	12
2010	-2	0	-2	-2	0	4	6	7	5	3	-5	-3	11	0.9	12
2011	-3	-4	-3	-2	1	4	9	9	9	1	0	0	21	1.8	12
2012	-0.5	-0.3	-0.3	-1	2	5	7	12	9	4			36.9	3.7	10
2013	0	0	0	0	5	6	11	7	5	2	1	-4	33	2.8	12
2014	-2	-2	1	-1	4	7	4	10	9	6	0	-3	33	2.8	12
2015	-4	0	-1	2	6	7	10	10	10	7	-3	-4	40	3.3	12
2016	-3	-3	0	1	5	8	10	9	6	5	0	1	39	3.2	12
2017	-3	1	-1	1	3	5	9	10	5	4	1	0	35	2.9	12
2018	-2	-6	-3	1	4	3			10	4	1	-3	9	0.9	10
2019	-4	-4	-2	2	2	3	7	7	8	2	3	1	25	2.1	12
2020	0	0	2	3	3	3	7	22	10	9	6	4	69	5.8	12
MÍNIMA	-11	-9	-9	-4	-2	0	1	3	1	-5.5	-9	-9	-38	-5.2	
MÁXIMA	10	4	5	7	9	16	15	22	15	11	8	9	92.7	8.7	
MEDIA	-1.8	-1.6	-0.5	0.9	3.5	5.7	8.3	9.6	7.4	3.2	0.3	-2.1	30.4	2.6	
DESV.ST	3.4	2.8	2.5	2.2	2.4	3	2.7	3.3	3	3.1	2.9	3.3	22.8	2.3	

TEMPERATURA MÍNIMA PROMEDIO
AÑO	ENE	FEB	MAR	ABR	MAY	JUN	JUL	AGO	SEP	OCT	NOV	DIC	ACUM	PROM	MESES
1964												2.9	2.9	2.9	1
1965	2.9	1.2	3.1	6.1	7.3	9.1	12.3	14.9	10.1	8.6	6.2	2.7	84.5	7	12
1966	0.2	1	3.3	8.9	9.9	10.8	13	14.7	11.1	6.7	6.6	3.1	89.3	7.4	12
1967	4.9	2.9	5.5	4.7	7.6	9.5	16.2	17.2	14.3	8.7	7.6	2.7	101.8	8.5	12
1968	0.7	5.6	3.7	5.3	8.8	10.3	15.1	14	12.4	8.1	4.8	-0.1	88.7	7.4	12
1969	5.4	3.2	2.8	7	7.2	10.9	14.1	15.4	13.9	5.3	8.7	1.8	95.7	8	12
1970	1.8	4.3	4.1	3.2	10.2	13.9	20.1	18	9.9	7.5	4.2	-0.2	97	8.1	12
1971	0.9	1.4	2.2	4.3	6.8	9.5	13.3	16.7	12.4	6.8	2.9	0.6	77.8	6.5	12
1972	-1.2	1.7	3.3	4.8	9.2	12.7	17.1	15.6	12.3	11.1	5.1	1.8	93.5	7.8	12
1973	0.7	3.8	3.6	3.5	8.5	11.4	12	11.9	8.7	6.5	4.7	1.7	77	6.4	12
1974	2.7	0	4.1	3.5	9.2	12.5	16.5	13	19.2	8.3	5.1	0.5	94.6	7.9	12
1975	3.4	2.1	3.4	4.7	6.6	10.6	14.2	13.4	13.6	7.9	4.4	2.6	86.9	7.2	12
1976	4.4	5.9	5.5	6.5	9.6	11.2	14.6	12.7	16.4	9.3	7.3	1.9	105.3	8.8	12
1977	3.8	1.1	2.4	5.5	7.8	12.3	15	18.3	12.2	10.3	5.2	4.4	98.3	8.2	12
1978	5.5	3.4	5.7	6.3	7	10.7	14.2	13.1	12.3	10.7	4.2	0.8	93.9	7.8	12
1979	2.8	1.2	2.6	3	6.7	8.7	12.3	12.8	13	7.7	3.6	0.8	75.2	6.3	12
1980	4.9	5.7	4.3	5.9	8.2	8.4	15.4	16	14.9	10.9	3.8	0.8	99.2	8.3	12
1981	1.4	3.1	4.4	6.3	8.5	13.1	15.3	15.1	13.5	7.5	4.7	3.1	96	8	12
1982	15.6	4.8	5.2	5.8	8.6	9.5	15.3	15.6	13.7	7.1	4.8	2	108	9	12
1983	10.2	3.7	7.9	5.4	7.7	10.4	11	17.2	16.3	12.8	6.9	6.2	115.7	9.6	12
1984	6.7	5.3	6.7	6.7			18.8	16.6	16.1	9.6	8.5	5.2	100.2	10	10
1985	2.9	2.3	5.1	10	7	13.3	14.3	12.3	9.4	11.3	6.4	5.3	99.6	8.3	12
1986	6.1	4.7	5.6	7.7	5.4	5.6	7	7.4	4.8	4.6	4.7	3.7	67.3	5.6	12
1987	3.4	3.7	3.2	3.5	11.1	4	12.6	14.3	14	14.3	5.4	2.4	91.9	7.7	12
1988	4.1	6.2	7.7	7	7.8	6.2	12.8	12.8	11.7	9	3.8	4.1	93.2	7.8	12
1989		5.3	8.5	10.7	11.9	13.4	15.4	14.6	13.8	9.7	6.3	3.1	112.7	10.2	11
1990	3.8	3.4	5.7	9.4	9	13.9	17.3	14.9	14.3	10.4	6.2	1.9	110.2	9.2	12
1991	3.9	4.6	5.2		7.2	9.5	13.7	15.7	14.7	12.2	6.2		92.9	9.3	10
1992	2.8	5.5	7.4	8.4	12.2	12.2							48.5	8.1	6
1993				6.1	10.5	11.4	12.7	13	11.6	7.4	4.3	1.9	78.9	8.8	9
1994	2.9	3	5.6	5.3	7.7	10.9	12.2	16.1	11.7	7.5	2.7	2.8	88.4	7.4	12
1995	4.4	5.9	6.2	5.1	6.9	9.8	13.3	17.1	14.9	7.7	5.7	3.1	100.1	8.3	12
1996	3.6	6.6	4.7	7.4	9	19.8	14.1	11.4	9	3.3	3.3	2.8	95	7.9	12
1997	2.8	2.5	2.2	2.5	5.7	6.1	7.2	11.2	12.1	5.2	2.1	2.1	61.7	5.1	12
1998	2.1	1.7	2.4	1.9	2.6	4.6	8.7	11	8	2.5	2.4	2.8	50.7	4.2	12
1999	2.6	2.6	2.5										7.7	2.6	3
2000	-2.2	-1	-1.6	-0.7	3.3	6.2	7.4	9.8	8.2	3.6	-4	-3.4	25.6	2.1	12
2001	-4.4	-3.3	0.5	-0.1	3.5	6	7.8	8.9	6.4	4.2	0.3	-3.4	26.4	2.2	12
2002	-4.5	-4.9	-2.6	2.3	2.4	5.3							-2	-0.3	6
2003						13	17.6	18.7	15	13.4	6.9	4.4	89	12.7	7
2004	4.2	5.2	7.9	9.1	11.7	14.9	20	22.6	19	14.4	13.5	13.6	156.1	13	12
2007					9.8	9.7	14.2	14.9	11.8	8.1	5	1	74.5	9.3	8
2008	2.1	1.3	0.7	3.9	7	10.2	13.1	14.8	12.8	8.9	7.4		82.2	7.5	11
2009	3.6	2.2	2.4	4.3	9.2	10.7	15.2	12.6	14.1	7.9	4	2.1	88.3	7.4	12
2010	2.3	3.2	2.6	3.8	5.5	8.5	12.6	13.3	10.9	9.4	3	2.5	77.6	6.5	12
2011	0.4	0.5	2.6	5.2	5.1	8.8	13	13.6	12.4	7.5	2.8	1.1	73	6.1	12
2012	1.1	1.4	2.2	4.8	7	8.7	12.3	17.2	14.7	8.3			77.7	7.8	10
2013	2.8	2.1	2.8	4.3	8.1	9.9	15	13.3	12.3	6.1	4.5	1.3	82.5	6.9	12
2014	2.3	3.6	5.5	6.1	8.9	9.9	15.2	15.1	15.1	9.7	5.4	4.2	101	8.4	12
2015	2.9	3.8	4.4	4.8	8.9	12.4	13.3	14.8	15.2	11.5	3.5	0.2	95.7	8	12
2016	1.7	2.5	3.3	5.6	8.8	11.5	12.7	13.8	11.5	9.2	3.3	3.7	87.6	7.3	12
2017	2.8	3.8	4.1	4.8	7.7	10.9	15.8	14.6	12.1	6.4	6.5	3.1	92.6	7.7	12
2018	3.1	0.4	3.8	5.6	7.7	7.7			12.7	8.7	5	2	56.7	5.7	10
2019	1.1	0.1	2.1	4.5	4.5	4.8	10.4	10.7	12.5	6.3	4.8	3.7	65.5	5.5	12
2020	2.9	4	7.3	9.7	11.3	12	14.3	30	28	16	11.1	11.3	157.9	13.2	12
MÍNIMA	-4.5	-4.9	-2.6	-0.7	2.4	4	7	7.4	4.8	2.5	-4	-3.4	-2	-0.3	
MÁXIMA	15.6	6.6	8.5	10.7	12.2	19.8	20.1	30	28	16	13.5	13.6	157.9	13.2	
MEDIA	2.9	2.8	4	5.4	7.8	10.1	13.7	14.7	13	8.6	5	2.6	83.4	7.4	
DESV.ST	3.1	2.3	2.3	2.3	2.2	3	2.9	3.5	3.5	2.8	2.6	2.7	30	2.5	

TEMPERATURA MEDIA MENSUAL
AÑO	ENE	FEB	MAR	ABR	MAY	JUN	JUL	AGO	SEP	OCT	NOV	DIC	ACUM	PROM	MESES
1964												10.2	10.2	10.2	1
1965	11	10.1	10.7	13.8	15.2	16.5	22.5	24.6	19.7	19.9	14	9	187	15.6	12
1966	8.2	8.7	12.8	17.7	18.6	20.4	23.3	24.5	21.5	17.5	13.7	11.2	198.1	16.5	12
1967	13.4	12.8	13.6	11.4	16.6	17.5	25.8	27.7	22.1	19.9	15.7	9.2	205.7	17.1	12
1968	9.5	13.7	12.2	14	17.3	20	23.9	23.1	22.1	17.9	13.8	8.9	196.4	16.4	12
1969	11.6	9	10.7	14.3	16.2	17.8	23.4	25.6	23.4	15.6	15.5	11.5	194.6	16.2	12
1970	10.8	12.9	11.2	11.4	19	22.6	29.3	27	21.4	17.1	14.6	9	206.3	17.2	12
1971	10.6	10.9	12	12.5	14.6	19	23.1	25.6	22	15.9	12	7.4	185.6	15.5	12
1972	9	11.6	13.5	16.4	18.5	21.3	27	24.5	21.6	17.7	13.1	10.1	204.3	17	12
1973	9.2	10.9	9.5	12.6	18.2	22.8	23.7	23.2	19.6	18.4	13.3	11.7	193.1	16.1	12
1974	10.5	10.8	12.4	14.9	19.5	23.7	25.8	23.9	28.1	16.3	14.9	10.3	211.1	17.6	12
1975	12.7	10.4	10.5	11.3	15.8	20.7	24.4	24.6	24.4	17.9	14.6	11.7	199	16.6	12
1976	13.8	12.5	13	14.4	17.9	21.7	23.5	23	21.5	19	16	12	208.3	17.4	12
1977	11.2	11.8	11	15.5	15	22.9	25.4	26	21.4	19.5	15.3	12.4	207.4	17.3	12
1978	11.1	10	11.9	12.3	16.3	22.3	25	23.5	21.3	20.3	11.5	7.6	193.1	16.1	12
1979	7.8	8.8	9.7	12.7	15.3	20.4	23.7	22.5	24.7	17.6	13	11.2	187.4	15.6	12
1980	10.8	12.6	9.6	13.2	14.4	19.4	24.5	25.5	23.6	20.2	14	10.3	198.1	16.5	12
1981	10.1	11.6	10.4	13.8	16.1	23	24.5	25.7	22.9	15.3	13.9	12.2	199.5	16.6	12
1982	24.7	11.2	11.3	13.6	15.5	17.3	24.8	24.7	21.8	17	11.7	9.2	202.8	16.9	12
1983	18.9	10.4	12.3	11.5	16.3	18.9	22.4	25.2	24.8	19.8	13.5	11.6	205.6	17.1	12
1984	13.4	12.2	13.4	13.4			25.2	24	23.9	16	14	9.8	165.3	16.5	10
1985	8.9	10	11.3	17.3	15.6	22.4	24.5	22.3	18.1	18	12.7	11.9	193	16.1	12
1986	13.8	11.2	12.7	15.3	15.4	17.6	18.9	21.1	15.8	14.3	13.4	10.6	180.1	15	12
1987	8.9	10.8	8.8	8.2	18.2	12.9	22.3	22.5	23.1	20.4	12.8	9	177.9	14.8	12
1988	11.9	14.5	14.6	15.5	17.1	16.4	23.2	22	20.7	19.3	13.1	11.9	200.2	16.7	12
1989		12.6	17.4	19	19.1	21.5	25.3	23.5	23.8	18.8	15	12.1	208.1	18.9	11
1990	11.1	10.1	13	16.2	17.5	23.2	26.1	22.7	22.9	19.4	14.2	9.4	205.8	17.1	12
1991	10.9	13.7	10.7		15.6	17.6	21.8	24	22.8	20.3	14.4		171.8	17.2	10
1992	9.5	11.7	12	15.3	18.7	20.2							87.4	14.6	6
1993				14.8	18.2	20.3	20.2	22.2	20.8	16.4	11.9	8.9	153.7	17.1	9
1994	10.9	9.1	11.8	12.7	14.2	20.4	21.6	24.2	21.6	15.2	9	8.9	179.6	15	12
1995	9.1	12.2	11.7	11.9	13.2	18	23.3	28.1	25.5	19	16.9	12.3	201.2	16.8	12
1996	12.5	13.6	13.5	17.1	19.3	31.4	24.5	22.1	18.8	14	12.5	10.2	209.5	17.5	12
1997	8.7	9.4	12.5	11.7	16.7	15.5	18.6	21.8	21.5	14.5	11.2	8.5	170.6	14.2	12
1998	9.2	7	9.4	9.9	10.9	14.6	20.9	22.6	17.4	13	11	8.8	154.7	12.9	12
1999	10.4	10.6	9.4										30.4	10.1	3
2000	8	7.5	7.2	11.8	14.5	17.8	19.4	21.6	19.3	12.5	6.7	8.7	155	12.9	12
2001	5.1	5.2	9.8	9.4	14.9	18.5	19.5	20.8	19.2	15.1	10.4	5.5	153.4	12.8	12
2002	6	7.3	7.3	11.4	12.5	16.8							61.3	10.2	6
2003						24.9	31.1	32.2	29.5	27.4	17.9	16.4	179.4	25.6	7
2004	16.1	15.5	21.4	21.4	24.7	26.5	31.1	33.1	30.6	22.9	18.9	17.7	279.9	23.3	12
2007					21.5	20.6	23.9	25.4	21.1	17.4	13.9	8.1	151.9	19	8
2008	7.9	8.6	10.9	13.4	16.2	22	23.6	24.5	22.9	19.5	16		185.5	16.9	11
2009	11.8	9.8	10.6	13.3	18.9	18.2	25.8	23.5	24.5	17.4	14.7	8.8	197.3	16.4	12
2010	9.9	10	10.8	11.5	14.7	18.5	22.4	23.3	22.1	17	11.6	10.4	182.2	15.2	12
2011	9.5	8.1	10.9	14	14.5	19	22.9	24.8	22.9	18.4	11.7	9	185.7	15.5	12
2012	11.6	10	11.8	14.1	17.9	20.4	23.4	27.1	25.4	19.1			180.8	18.1	10
2013	9.4	9.4	13	14.3	17.9	21.2	25.1	24.2	23	16.1	13.5	10.5	197.6	16.5	12
2014	13.4	12.7	14.3	15.7	19.1	21.2	24.9	24.9	25	19.8	14.7	10.8	216.5	18	12
2015	11.5	13.8	14.9	14.8	15.4	22.6	22.8	25.1	24	20	12.8	8.8	206.5	17.2	12
2016	9.2	13.6	12.3	14.7	15.8	21.8	23.4	24.7	21.6	16.1	12.3	9.8	195.3	16.3	12
2017	8.4	10.5	12.9	15	16.5	21.8	25.1	24.8	21.1	14.9	15.4	12.9	199.3	16.6	12
2018	13.2	8.1	11.8	15.5	16.1	17.5			23	17.9	14	9.8	146.9	14.7	10
2019	9.1	6.8	10	14.1	12.1	13.5	20.7	22.3	22	20.7	17.2	11.2	179.7	15	12
2020	10.8	11.1	11.4	13.7	15.6	17.4	17.8	35.2	32.4	18.9	14.4	14.5	213.2	17.8	12
MÍNIMA	5.1	5.2	7.2	8.2	10.9	12.9	17.8	20.8	15.8	12.5	6.7	5.5	10.2	10.1	
MÁXIMA	24.7	15.5	21.4	21.4	24.7	31.4	31.1	35.2	32.4	27.4	18.9	17.7	279.9	25.6	
MEDIA	10.9	10.7	11.8	13.9	16.6	20	23.7	24.6	22.6	17.9	13.6	10.4	180.9	16.3	
DESV.ST	3.1	2.2	2.3	2.4	2.4	3.2	2.7	2.8	3	2.6	2.1	2.1	44	2.5	
