 COMISIÓN NACIONAL DEL AGUA
 COORDINACIÓN GENERAL DEL SERVICIO METEOROLÓGICO NACIONAL
 PROYECTO DE BASES DE DATOS CLIMATOLÓGICOS

 ESTACIÓN  : 2077 
 NOMBRE    : LA MISION 



LLUVIA MÁXIMA 24H
AÑO	ENE	FEB	MAR	ABR	MAY	JUN	JUL	AGO	SEP	OCT	NOV	DIC	ACUM	PROM	MESES
2000	12.9	27	16	9.5	0	5.9	0	0	0	9	2.5	1.5	84.3	7	12
2001	14.7	29	17.2	10.1	0	0	0	0	0	0	11.5	10.7	93.2	7.8	12
2002	7	4.8	10	8	0	0	0	0	15	0	12.5	20	77.3	6.4	12
2003	0	69	48	21.5	6	2	2	0	0	0	14	17	179.5	15	12
2004	4.5	50	13.2	4.5	0	0	0	0	0	80	8.5	69	229.7	19.1	12
2005	36	25.5	10.5	6.9	2.7	0	0	0	0	6.5	0	0	88.1	7.3	12
2006	6.5	6	11.6	22.8	22	0	0	0	0	5.5	2	11	87.4	7.3	12
2007	16.3	23	3	11	0	0	0	0	6	0	1.5	17	77.8	6.5	12
2008	32	26.7	13	0	15.5	0	3.8	0	0	1.5	30	62	184.5	15.4	12
2009	3	27	0	5	0	0	0	0	0	1.3	11	57	104.3	8.7	12
2010	54.5	22	22	14.4	0	0	0	0	0	43.5	17.5	60	233.9	19.5	12
2011	8	65	54	6	7	0	0	0	0	6	43	17.7	206.7	17.2	12
2012	6	18	26.5	22	0	0	0	0	2	5	3	46	128.5	10.7	12
2013	38	10.5	28	2	6.4	0	0	4.5	0	23	9	16	137.4	11.4	12
2014	11	16.1	10	6	0	0	0	0	0	0	7	31	81.1	6.8	12
2015	13.5	20.5	34.5	2	28	0	0	0	3.7	11	7.3	17.5	138	11.5	12
2016	37	0	20	13	17.5	0	0	0	42	1.5	20	43	194	16.2	12
2017	35.5	70.5	2	0	20	0	0	0	0	0	0	2	130	10.8	12
2018	30	10	4	0	0	0	0	0	0	0	26	26	96	8	12
2019	26	36	13	2	2.5	0	0	0	0	0	42.5	26	148	12.3	12
2020	11	25	18	20	0	2	0	0	0	0	5	9.5	90.5	7.5	12
MÍNIMA	0	0	0	0	0	0	0	0	0	0	0	0	77.3	6.4	
MÁXIMA	54.5	70.5	54	22.8	28	5.9	3.8	4.5	42	80	43	69	233.9	19.5	
MEDIA	19.2	27.7	17.8	8.9	6.1	0.5	0.3	0.2	3.3	9.2	13	26.7	132.9	11.1	
DESV.ST	15	20.3	14.1	7.5	8.9	1.4	0.9	1	9.5	19.2	12.8	21.2	52.3	4.4	

LLUVIA TOTAL MENSUAL
AÑO	ENE	FEB	MAR	ABR	MAY	JUN	JUL	AGO	SEP	OCT	NOV	DIC	ACUM	PROM	MESES
2000	17.92	112.01	28.05	14.41	0	5.9	0	0.01	0.01	23.51	3.52	1.5	206.84	17.2	12
2001	50.11	115.51	29.21	30.01	0	0	0.01	0	0	0	17.32	23.4	265.57	22.1	12
2002	11.01	4.8	20.4	16.22	0	0	0	0	15	0	27.7	48.01	143.14	11.9	12
2003	0.01	157.5	82.71	24.51	10.5	2	2.01	0	0	0	17	23.01	319.25	26.6	12
2004	8.5	103.9	13.2	5.7	0.01	0	0	0	0	174.1	23.3	112.81	441.52	36.8	12
2005	103.8	119.32	26.6	7.91	3.7	0	0	0	0	11.5	0.02	0.01	272.86	22.7	12
2006	9.91	9	62.81	33.11	22	0	0	0	0	5.52	3.01	28.8	174.16	14.5	12
2007	39.01	50.72	7.01	14	0	0	0	0	7	0.02	1.5	21.52	140.78	11.7	12
2008	99.01	48.22	13	0	15.5	0	3.8	0	0	1.5	46.21	150	377.24	31.4	12
2009	3	86	0	5.01	0	0	0	0	0	1.3	15.9	106	217.21	18.1	12
2010	158.2	100.51	43.7	54.32	0	0	0	0	0	56.72	26.71	132.51	572.67	47.7	12
2011	10	140.01	65.5	10	12.51	0.01	0	0	0	6	104	35.7	383.73	32	12
2012	14	50.01	58.5	42.02	0	0	0	0	2.01	11	5	69.71	252.25	21	12
2013	56.4	17.53	44	2.01	10.7	0	0.01	4.5	0	30	10	18.71	193.86	16.2	12
2014	11.05	22.9	10.01	15.56	0	0	0	0.01	0	0	12	95.01	166.54	13.9	12
2015	23.01	22	36.5	3.52	57.02	0.01	0.01	0.01	3.72	12.52	10.61	57.1	226.03	18.8	12
2016	121.01	0	28.51	23.53	17.52	0	0	0	45.01	1.5	37.5	151.31	425.89	35.5	12
2017	101.51	152.01	3	0	23.3	0	0	0.01	0.01	0	0.01	2	281.85	23.5	12
2018	62.01	25.01	13.5	0.01	0.01	0	0	0	0	0.03	31.03	40.5	172.1	14.3	12
2019	60.5	125.5	27.02	3	6.82	0	0	0	0.03	0	115	100.3	438.17	36.5	12
2020	20	33.51	83.24	63.51	0.01	2.01	0	0.01	0	0	6.5	20	228.79	19.1	12
MÍNIMA	0.01	0	0	0	0	0	0	0	0	0	0.01	0.01	140.78	11.7	
MÁXIMA	158.2	157.5	83.24	63.51	57.02	5.9	3.8	4.5	45.01	174.1	115	151.31	572.67	47.7	
MEDIA	46.7	71.2	33.2	17.5	8.6	0.5	0.3	0.2	3.5	16	24.5	58.9	281	23.4	
DESV.ST	45.6	52.8	25	18.2	13.7	1.4	0.9	1	10.2	38.8	31.1	49.7	117.7	9.8	

EVAPORACIÓN MENSUAL
AÑO	ENE	FEB	MAR	ABR	MAY	JUN	JUL	AGO	SEP	OCT	NOV	DIC	ACUM	PROM	MESES
2000	12	61.6	65	90	155	168.4	185.6	166	117	89	79.94	90.96	1280.5	106.7	12
2001	73.61	72.2	79.93	113.03	144	155.9	196	187	161	114	74.6		1371.27	124.7	11
2002	95	102.8	123.12	137.24	165	163	196	164	152	107	115.7	50	1570.86	130.9	12
2003	79	62.97	101.9	125.82	136.5	135	161	168	138	120	85	74	1387.19	115.6	12
2004	64.5	85.5	97.2	136.2	185	158	203	171	160	95.2	65.8	78	1499.4	125	12
2005	53.3	66.3	95.1	129.9	163.7	144	187	181	141	96.5	94	73	1424.8	118.7	12
2006	81.9	86	92.8	119.3	148	162	192						882	126	7
2007						175	194	203	161	179	94.5	69.5	1076	153.7	7
2008	82.5	69.2	151	206	170.5	193	186	198	171	190	135.2		1752.4	159.3	11
2009	106	107.5	128	160	171.5	169.5	180.6	198.7	164.5	151.8	116.2	74.5	1728.8	144.1	12
2010	105.4	50.5	94	105.5	152	157	175	172	144	90.7	101.7	79	1426.8	118.9	12
2011	108	113	99	113	168	161	157	138	113	94	87.5	82	1433.5	119.5	12
2012	86	87	121	89	108	93		16.95	118.01	114.04	64	60.7	957.7	87.1	11
2013	82.4	65.5	84	119	137	133	139.16	131.99	109.25	103.65	65.4	88.25	1258.6	104.9	12
2014	88.65	69.9	79.75	119.4	182.3	138.2	142.1	142.65	119.65	85.1	110.7	59.48	1337.88	111.5	12
2015	67.9	81.2	100	109.8	106.7	103.4	118.2	104.75	108.2	109.9	73.3	54.7	1138.05	94.8	12
2016	40	91.1	69.3	112.7	98.1	115.6	89.4						616.2	88	7
MÍNIMA	12	50.5	65	89	98.1	93	89.4	16.95	108.2	85.1	64	50	616.2	87.1	
MÁXIMA	108	113	151	206	185	193	203	203	171	190	135.2	90.96	1752.4	159.3	
MEDIA	76.6	79.5	98.8	124.1	149.5	148.5	168.9	156.2	138.5	116	90.9	71.9	1302.5	119.4	
DESV.ST	25.4	17.8	22.7	28	26.6	26.3	32.2	47.2	22.5	32.3	21.5	12.6	296.1	20.5	

TEMPERATURA MÁXIMA EXTREMA
AÑO	ENE	FEB	MAR	ABR	MAY	JUN	JUL	AGO	SEP	OCT	NOV	DIC	ACUM	PROM	MESES
2000	30	29	27	27	27	33	28	34	32	25	26	28	346	28.8	12
2001	29	32	29	30	27	29	32	31	34	34	26	30	363	30.2	12
2002	28	28	27	28	27	26	29	30	34	30	36	23	346	28.8	12
2003	35	26	34	31	24	25	34	33	33	36	29	25	365	30.4	12
2004	28	27	35	39	39	25	35	29	38	27	27	27	376	31.3	12
2005	31	27	26	31	27	25	34	36	31	33	34	27	362	30.2	12
2006	34	27	23	28	26	39	35	31	33	34	36	29	375	31.2	12
2007	32	31	32	25	34	29	29	35	35	38	33	28	381	31.8	12
2008	28	30	33	37	39	35	29	32	36	38	39	26	402	33.5	12
2009	32	30	30	37	26	25	32	40	41	35	29	28	385	32.1	12
2010	29	29	29	32	25	25	33	31	32	30	38	34	367	30.6	12
2011	30	30	29	29	37	27	31	30	36	27	31	25	362	30.2	12
2012	30	28	32	28	24	24	29	33	39	37	30	28	362	30.2	12
2013	30	30	32	30	26	27	29	36	31	36	32	30	369	30.8	12
2014	33	27	30	36	39	26	34	33	38	37	34	28	395	32.9	12
2015	30	33	35	32	31	30	34	32	40	41	34	28	400	33.3	12
2016	24	34	29	32	24	35	37	33	39	34	37	29	387	32.2	12
2017	27	27	26	32	30	26	29	29	33	40	36	28	363	30.2	12
2018	31	27	27	30	23	25	31	33	28	27	27	23	332	27.7	12
2019	28	22	25	26	23	26	28	30	33	29	27	21	318	26.5	12
2020	25	23	23	27	28	31	27	33	34	33	28	24	336	28	12
MÍNIMA	24	22	23	25	23	24	27	29	28	25	26	21	318	26.5	
MÁXIMA	35	34	35	39	39	39	37	40	41	41	39	34	402	33.5	
MEDIA	29.7	28.4	29.2	30.8	28.9	28.2	31.4	32.6	34.8	33.4	31.9	27.1	366.3	30.5	
DESV.ST	2.7	2.9	3.6	3.8	5.5	4.2	2.9	2.7	3.4	4.6	4.2	2.9	22.1	1.8	

TEMPERATURA MÁXIMA PROMEDIO
AÑO	ENE	FEB	MAR	ABR	MAY	JUN	JUL	AGO	SEP	OCT	NOV	DIC	ACUM	PROM	MESES
2000	22.5	20.7	19.2	21.8	23	24.7	24.6	27.4	25.5	22.6	21	21.8	274.8	22.9	12
2001	18.8	19.7	19.5	19.7	22.5	24.8	25.3	25.6	25.3	24.7	22.1	20.3	268.3	22.4	12
2002	20.3	21.2	20.9	20.4	21.6	23.1	24.2	25.7	26.2	23.4	25.7	19.9	272.6	22.7	12
2003	24.5	20.4	21.2	21	21.9	22.3	26.9	27.7	26.1	26.3	22.3	20.7	281.3	23.4	12
2004	20.4	19.9	21.6	22.8	24.8	23.2	26.6	25.8	28.3	23	20.9	19.2	276.5	23	12
2005	20.2	19.4	20.3	22.3	23.1	22.8	26.1	27.4	25.7	24.2	24.4	21.7	277.6	23.1	12
2006	20.9	21.2	18.1	21.7	22.6	27.1	29.4	27.4	27.3	26	24.4	21.7	287.8	24	12
2007	20.7	20.9	22	21.2	24	24.9	27.1	28.9	27.9	27.2	23.1	19.7	287.6	24	12
2008	19.1	20.6	23.5	24.5	23.5	25.3	26.3	27.6	27.8	29.5	25.9	18.7	292.3	24.4	12
2009	23.6	20.8	21	22.1	22.6	23.3	26.6	27.3	28.7	25.3	22.7	19.5	283.5	23.6	12
2010	21.3	20.5	21.2	20.5	21.5	22.4	23.9	24.8	23.8	22.7	22.2	20.6	265.4	22.1	12
2011	22.2	19.3	20.4	21.7	21.8	23	25.3	24.7	25.2	23.3	20.9	19.5	267.3	22.3	12
2012	21.9	20.4	20.5	21.5	21.9	22.8	24.8	28	28.7	26.9	22.9	19.5	279.8	23.3	12
2013	20.4	20	21.2	21.9	21.5	24.5	24.8	25.9	26.6	24.6	23.4	22	276.8	23.1	12
2014	22.8	21.7	22.8	24	27.1	24.6	27.3	27.9	29.6	28.1	26.6	21.3	303.8	25.3	12
2015	23.1	23.8	25.1	23.7	21.6	24.4	26.6	28	30.2	29.2	24.7	21	301.4	25.1	12
2016	20	25.5	21.4	23.3	21.7	25.7	26.8	26.4	26.7	26.8	25.1	20.6	290	24.2	12
2017	18.8	17.8	21.4	22.4	21.9	22.8	26.2	25.4	26	27	23.5	22.5	275.7	23	12
2018	21.6	18.3	20	21.5	20.8	22.9	26.5	28	25.6	23.9	21.9	19.1	270.1	22.5	12
2019	19.2	16.3	19.1	22.1	20.7	22.7	24.2	24	26.1	22.4	17.6	14.8	249.2	20.8	12
2020	17.2	16.4	16.8	20.5	23.5	24	23.8	26.1	25.1	21.1	22	20	256.5	21.4	12
MÍNIMA	17.2	16.3	16.8	19.7	20.7	22.3	23.8	24	23.8	21.1	17.6	14.8	249.2	20.8	
MÁXIMA	24.5	25.5	25.1	24.5	27.1	27.1	29.4	28.9	30.2	29.5	26.6	22.5	303.8	25.3	
MEDIA	20.9	20.2	20.8	21.9	22.6	23.9	25.9	26.7	26.8	25.2	23	20.2	278	23.2	
DESV.ST	1.8	2.1	1.8	1.2	1.5	1.3	1.4	1.3	1.6	2.3	2.1	1.6	13.3	1.1	

TEMPERATURA MÍNIMA EXTREMA
AÑO	ENE	FEB	MAR	ABR	MAY	JUN	JUL	AGO	SEP	OCT	NOV	DIC	ACUM	PROM	MESES
2000	0	5	5	6	8	10	11	14	15	8	2	1	85	7.1	12
2001	1	3	5	4	7	12	11	12	10	7	3	1	76	6.3	12
2002	0	0	3	5	8	9	12	10	12	8	5	2	74	6.2	12
2003	4	2	5	4	4	8	9	13	10	8	2	1	70	5.8	12
2004	0	2	6	7	7	10	11	13	10	7	0	-1	72	6	12
2005	2	4	4	5	7	10	15	12	8	8	1	-1	75	6.2	12
2006	-1	0	2	5	8	10	15	12	10	6	4	0	71	5.9	12
2007	0	2	4	4	7	9	12	13	9	7	5	2	74	6.2	12
2008	1	2	2	5	8	6	13	16	13	5	6	-2	75	6.2	12
2009	2	2	2	4	8	11	12	12	10	5	2	2	72	6	12
2010	3	3	2	5	5	9	11	9	8	8	0	0	63	5.2	12
2011	2	0	2	4	4	6	13	11	10	4	4	-2	58	4.8	12
2012	-1	1	2	4	7	9	10	14	12	6	1	0	65	5.4	12
2013	-1	0	2	3	9	11	11	9	8	5	4	0	61	5.1	12
2014	1	3	5	5	9	10	14	12	11	10	5	1	86	7.2	12
2015	0	4	4	6	8	10	12	12	12	10	2	1	81	6.8	12
2016	2	2	4	5	8	10	14	11	9	10	4	1	80	6.7	12
2017	3	3	4	6	7	9	12	14	8	6	2	0	74	6.2	12
2018	2	0	2	5	6	10	12	12	10	5	5	2	71	5.9	12
2019	1	1	4	5	8	11	11	11	7	6	5	2	72	6	12
2020	2	-2	4	8	8	9	12	12	10	3	2	1	69	5.8	12
MÍNIMA	-1	-2	2	3	4	6	9	9	7	3	0	-2	58	4.8	
MÁXIMA	4	5	6	8	9	12	15	16	15	10	6	2	86	7.2	
MEDIA	1.1	1.8	3.5	5	7.2	9.5	12	12.1	10.1	6.8	3	0.5	72.6	6	
DESV.ST	1.4	1.7	1.3	1.1	1.4	1.5	1.5	1.7	1.9	1.9	1.8	1.2	7.1	0.6	

TEMPERATURA MÍNIMA PROMEDIO
AÑO	ENE	FEB	MAR	ABR	MAY	JUN	JUL	AGO	SEP	OCT	NOV	DIC	ACUM	PROM	MESES
2000	6.6	8.9	8.6	10.9	13.1	15.6	15.8	18.1	17.9	13.4	6.2	5.8	140.9	11.7	12
2001	5.4	6.1	9.9	9.4	14.3	14.4	16.4	16.8	15	12.1	10.1	4.1	134	11.2	12
2002	4.9	5	7.1	10.8	11.8	14.3	17.3	15.3	15.7	12.3	9.6	6	130.1	10.8	12
2003	6.8	9.1	9.4	8.2	11.7	15	16.2	17	16.2	13.9	7.9	4.9	136.3	11.4	12
2004	5.8	6.3	10.4	10.8	12.7	15.5	17.3	16.2	15.9	12.8	6.7	5.2	135.6	11.3	12
2005	7.4	9	9.2	7.9	12	14.4	17	16.6	11.9	11.5	7.5	4.9	129.3	10.8	12
2006	4.4	4.2	6.4	8.8	13.5	16.4	19.6	16	14.5	10.5	7.2	3.5	125	10.4	12
2007	4.4	6.5	7.2	9.5	12.7	13.8	16.8	17.5	14.7	11.5	9.3	5.3	129.2	10.8	12
2008	6.7	5.6	5.4	8.8	11.9	12.2	16.7	18	15.6	11.3	10	6.8	129	10.8	12
2009	8	5.8	6.6	8.5	13.6	14.3	16.2	16.3	14.9	9.8	6.4	5.9	126.3	10.5	12
2010	6	6.6	6.3	8.9	9.9	13.3	15.7	14.1	12.4	12.2	5.7	5.8	116.9	9.7	12
2011	4.8	4.4	6.7	9.3	9.4	13.6	16.8	15.3	14.5	9.8	6.5	2.4	113.5	9.5	12
2012	3.9	5.3	6	8	12	13.7	14.9	18.1	15.8	11.5	7.5	6.5	123.2	10.3	12
2013	4.2	4.3	7.7	9.2	12.4	13.7	15.9	14.2	14.2	9.2	7.6	4.4	117	9.8	12
2014	5.5	6.9	8.9	9.1	12.5	14	16.4	16.2	16.8	12.6	8.7	8.2	135.8	11.3	12
2015	6.6	7.7	8.4	9.2	12.1	14.9	16.9	16.9	17.7	14.9	6.7	4.1	136.1	11.3	12
2016	5.9	6.5	7.2	8.7	12.3	14.8	16.1	16.6	14.2	11.8	7.8	6.5	128.4	10.7	12
2017	7.4	7.1	7.7	8.5	12.1	14.4	17.4	16.9	13.9	10	7	4	126.4	10.5	12
2018	8	5.5	7.1	9.2	11.2	13.9	17	18.1	14.1	11.3	8	5.9	129.3	10.8	12
2019	5.7	4.8	7	9.7	11.4	14.6	15.5	15.5	14.5	8	7.6	7.8	122.1	10.2	12
2020	5.4	6.1	8.8	10.8	12.9	14.7	14.5	16.7	14.1	11.7	6	4.2	125.9	10.5	12
MÍNIMA	3.9	4.2	5.4	7.9	9.4	12.2	14.5	14.1	11.9	8	5.7	2.4	113.5	9.5	
MÁXIMA	8	9.1	10.4	10.9	14.3	16.4	19.6	18.1	17.9	14.9	10.1	8.2	140.9	11.7	
MEDIA	5.9	6.3	7.7	9.2	12.2	14.4	16.5	16.5	15	11.5	7.6	5.3	128.1	10.7	
DESV.ST	1.2	1.5	1.4	0.9	1.1	0.9	1	1.2	1.5	1.6	1.3	1.4	7.1	0.6	

TEMPERATURA MEDIA MENSUAL
AÑO	ENE	FEB	MAR	ABR	MAY	JUN	JUL	AGO	SEP	OCT	NOV	DIC	ACUM	PROM	MESES
2000	14.6	14.8	13.9	16.4	18.1	20.2	20.2	22.8	21.7	18	13.6	13.8	208.1	17.3	12
2001	12.1	12.9	14.7	14.6	18.4	19.6	20.9	21.2	20.2	18.4	16.1	12.2	201.3	16.8	12
2002	12.6	13.1	14	15.6	16.7	18.7	20.8	20.5	20.9	17.8	17.7	12.9	201.3	16.8	12
2003	15.7	14.8	15.3	14.6	16.8	18.6	21.6	22.4	21.1	20.1	15.1	12.8	208.9	17.4	12
2004	13.1	13.1	16	16.8	18.7	19.4	22	21	22.1	17.9	13.8	12.2	206.1	17.2	12
2005	13.8	14.2	14.7	15.1	17.6	18.6	21.5	22	18.8	17.9	16	13.3	203.5	17	12
2006	12.6	12.7	12.3	15.2	18	21.7	24.5	21.7	20.9	18.2	15.8	12.6	206.2	17.2	12
2007	12.6	13.7	14.6	15.4	18.4	19.3	22	23.2	21.3	19.3	16.2	12.5	208.5	17.4	12
2008	12.9	13.1	14.5	16.7	17.7	18.8	21.5	22.8	21.7	20.4	17.9	12.7	210.7	17.6	12
2009	15.8	13.3	13.8	15.3	18.1	18.8	21.4	21.8	21.8	17.5	14.5	12.7	204.8	17.1	12
2010	13.6	13.5	13.8	14.7	15.7	17.9	19.8	19.5	18.1	17.5	13.9	13.2	191.2	15.9	12
2011	13.5	11.8	13.5	15.5	15.6	18.3	21	20	19.9	16.6	13.7	11	190.4	15.9	12
2012	12.9	12.8	13.2	14.7	17	18.3	19.8	23.1	22.2	19.2	15.2	13	201.4	16.8	12
2013	12.3	12.1	14.5	15.5	16.9	19.1	20.3	20.1	20.4	16.9	15.5	13.2	196.8	16.4	12
2014	14.2	14.3	15.8	16.5	19.8	19.3	21.9	22.1	23.2	20.4	17.7	14.8	220	18.3	12
2015	14.9	15.8	16.8	16.4	16.9	19.6	21.7	22.4	23.9	22	15.7	12.6	218.7	18.2	12
2016	12.9	16	14.3	16	17	20.2	21.5	21.5	20.5	19.3	16.4	13.5	209.1	17.4	12
2017	13.1	12.4	14.6	15.4	17	18.6	21.8	21.1	20	18.5	15.3	13.3	201.1	16.8	12
2018	14.8	11.9	13.6	15.4	16	18.4	21.8	23.1	19.8	17.6	14.9	12.5	199.8	16.6	12
2019	12.5	10.6	13.1	15.9	16	18.6	19.9	19.7	20.3	15.2	12.6	11.3	185.7	15.5	12
2020	11.3	11.3	12.8	15.7	18.2	19.3	19.1	21.4	19.6	16.4	14	12.1	191.2	15.9	12
MÍNIMA	11.3	10.6	12.3	14.6	15.6	17.9	19.1	19.5	18.1	15.2	12.6	11	185.7	15.5	
MÁXIMA	15.8	16	16.8	16.8	19.8	21.7	24.5	23.2	23.9	22	17.9	14.8	220	18.3	
MEDIA	13.4	13.2	14.3	15.6	17.4	19.1	21.2	21.6	20.9	18.3	15.3	12.8	203.1	16.9	
DESV.ST	1.2	1.4	1.1	0.7	1.1	0.8	1.1	1.2	1.4	1.6	1.4	0.8	8.8	0.7	
