 COMISIÓN NACIONAL DEL AGUA
 COORDINACIÓN GENERAL DEL SERVICIO METEOROLÓGICO NACIONAL
 PROYECTO DE BASES DE DATOS CLIMATOLÓGICOS

 ESTACIÓN  : 2001 
 NOMBRE    : AGUA CALIENTE 



LLUVIA MÁXIMA 24H
AÑO	ENE	FEB	MAR	ABR	MAY	JUN	JUL	AGO	SEP	OCT	NOV	DIC	ACUM	PROM	MESES
1969	19.5	30	15	2.5	5.5	0	0	0	0	0	6.5	9.5	88.5	7.4	12
1970	2	30	29	3.8	0	0	0	2.5	0	1.5	21	24	113.8	9.5	12
1971	9	14.1	2	12.5	9	0	0	4	4.5	13.5	0.5	9.5	78.6	6.6	12
1972	0	2	0	1	3	37	0	0	1.5	26	21	17.5	109	9.1	12
1973	11.5	17	23.5	2	0.5	0	0	0.5	0	0	12	2	69	5.8	12
1974	39	4	19.6	3	0	0	22.8	0		18	3.5	9.5	119.4	10.9	11
1975	10.5	13.5	19.5	19	0	1	1.5	2	0.4	1	17.5	6	91.9	7.7	12
1976	0	37	14.5	6.7	0	0	1.5	0.4	34.5	2.1	40	23	159.7	13.3	12
1977	10	11	12	3.2	17	2.8	0	70	0	12.5	6.5	49.5	194.5	16.2	12
1978	38.5	33	35.5	9.5	0	0	0	0	8.5	0	38	28.5	191.5	16	12
1979	28.5	7	28.5	0.3	3.5	0	4.5	0	0	9.5	6	9.5	97.3	8.1	12
1980	112	60	20	11	7.5	0	1	0	0	0	0	9.5	221	18.4	12
1981	27.5	26.5	18.5	12.5	0	0	0	0	2.3	1.5	15.5	7.5	111.8	9.3	12
1982	27	19	29	8.5	0.5	0	0	0	1.8	4.5	29	17	136.3	11.4	12
1983	26	63.5	42.5	21	3	0	0	6.5	11	45	19.5	15	253	21.1	12
1984	7	0	1	3.5	0	0	2.5	3.7	0	1.8	10	26.9	56.4	4.7	12
1985	5.5	12.5	8.5	2	0	0	8.5	0	14	15.5	42	20	128.5	10.7	12
1986	12.5	14	37	3	0	0	1	1.5	5	13	8	10	105	8.8	12
1987	33.5	27	11	13	1.5	0	0	2	4.5	28.5	22	31.5	174.5	14.5	12
1988	50.5	11	19	18.5	0	0	5.5	0	0	0.5	5	11	121	10.1	12
1989	3.5	3	14	0.5	1.5	0	0.1	0	1	3.5	0.1	2	29.2	2.4	12
1990	19.5	6.5	3.5	4	6.5	2	0.1	0.1	0.1	0.1	16.5	14.5	73.4	6.1	12
1991	18.5	42	25.5	0.5	0.1	0	12	0	0.2	14.5	5.5	13	131.8	11	12
1992	28.5	36	26.5	1.5	17	0	0.1	19	0	5	0	42	175.6	14.6	12
1993	49.5	44	10	0	3	3.5	0	0	0	2	8.5	12.5	133	11.1	12
1994	14.5	25	16	9.5	0	0	0	17.5	0	0.1	6	16	104.6	8.7	12
1995	31.5	57.5	33	22	6.5	4.5	1.5	0	6.5	0.1	4.5	4.5	172.1	14.3	12
1996	14	22	26	1.5	0	0	0.1	5	0	0.1	9.5	4.5	82.7	6.9	12
1997	39	19	0	5	0	4.5	0	0.1	13.5	1	35.5	27	144.6	12.1	12
1998	13.5	62	31	17.5	12.5	0.1	0.1	27	4	4.5	13.5	9	194.7	16.2	12
1999	8	17.5	12.5	19	0.1	1	3.5	0	0.1	0	0	3.5	65.2	5.4	12
2000	6	34	20	9	0	12.5	0	0	2	4.5	10	3.5	101.5	8.5	12
2001	29	16.5	10.5	10	0	0	3.5	2	1.5	0	9	13	95	7.9	12
2002	2	1.5	9	2.2	0	0	3.5	0	10	0.5	9	9	46.7	3.9	12
2003	2	43	28.5	25	2	0	7	2	0.5	0	9	12.5	131.5	11	12
2004	4.5	30	6.5	5	0	0	0	3	5	69	11	70	204	17	12
2005	22.5	23	4.5	4	2.5	0	0.5	1.5	0	9	0	0	67.5	5.6	12
2006	2	1.5	24	17	16	0	0	0	0.8	3	0.4	4	68.7	5.7	12
2007	12	9.5	5.4	5.5	3.8	0	0	0	1.5	0	43	8	88.7	7.4	12
2008	33	14	12	0	6.7	1.1	0	3.4	0	0	26.2		96.4	8.8	11
2009	1.1	17.5	0	5.7	0	1	0	1.2	5	0	12	11.6	55.1	4.6	12
2010	66.4	24.9	13.7	15.2	0	0	1.5	0	0	28.5	9.4	22.5	182.1	15.2	12
2011	14.2	48.3	25.2	9.3	25.2	0	3.2	0	0	4.9	30.7	20.9	181.9	15.2	12
2012	3.5	17.5	35.5	16.2	0	0	0	3.8	6.8	1.3			84.6	8.5	10
2013	46.7	12.3	16.5	0	3.4	0	1.9	3.1	3.9	15.7	4.4	5.5	113.4	9.5	12
2014	1.5	3.6	21.4	4.6	0	0	1.9	1.5	0	0	2.5	13.7	50.7	4.2	12
2015	6.4	4.2	20.2	4.5	20	0	6.9	0	1.9	16.5	10.6	13.9	105.1	8.8	12
2016	27.4	0	15.3	14.2	11.2	0	0	0	14.4	0	14.4	33.8	130.7	10.9	12
2017	23.7	33.5	4.8	0	3.7	0	0	1	0	0	3	0	69.7	5.8	12
2018	32.5	6.8	6.7	0	0	0	0	0	1.5	2.2	25.7	26.5	101.9	8.5	12
2019	16.5	27.5	7.9	3.1	14.9	0	3.4	0	12.2	0	46.5	20.2	152.2	12.7	12
2020	6.4	22	16	11	0	0	0	0	0	0	10.2	7.3	72.9	6.1	12
2021	0												0	0	1
MÍNIMA	0	0	0	0	0	0	0	0	0	0	0	0	0	0	
MÁXIMA	112	63.5	42.5	25	25.2	37	22.8	70	34.5	69	46.5	70	253	21.1	
MEDIA	20.2	22.3	17.1	7.7	4	1.4	1.9	3.5	3.5	7.3	13.9	15.6	115.6	9.7	
DESV.ST	20.1	16.8	10.7	6.9	6.2	5.4	3.9	10.7	6.1	12.9	12.6	13.2	51.9	4.3	

LLUVIA TOTAL MENSUAL
AÑO	ENE	FEB	MAR	ABR	MAY	JUN	JUL	AGO	SEP	OCT	NOV	DIC	ACUM	PROM	MESES
1969	90.3	82.6	51.5	2.7	10	0	0	0	0	0	13.2	11.4	261.7	21.8	12
1970	4.3	66.4	59.7	10.6	0	0	0	2.5	0	2	27	65.5	238	19.8	12
1971	17	26.7	2.3	23	11	0	0	4	6	24.5	1	44.5	160	13.3	12
1972	0	2.5	0	1	3	43	0	0	1.5	52.5	47	40	190.5	15.9	12
1973	45.5	60.5	106	4.5	1	0	0	0.5	0	0	27.5	3.5	249	20.8	12
1974	71.2	4.9	31.5	3	0	0	39	0		27	3.7	24	204.3	18.6	11
1975	14	20.5	58.1	63.9	0	1	1.5	3	0.6	1	29.3	7.5	200.4	16.7	12
1976	0	107.1	37.1	24.7	0	0	3.9	0.4	92.4	2.9	48.2	34.2	350.9	29.2	12
1977	38.4	11	31.8	4.7	22.5	2.8	0	89	0	19.8	6.5	92.9	319.4	26.6	12
1978	119.6	124.6	143.1	29.4	0	0	0	0	8.5	0	91.3	72.7	589.2	49.1	12
1979	115	20.2	117.3	0.3	9	0	4.5	0	0	9.5	6.7	21.5	304	25.3	12
1980	191.6	197.8	85.8	24.3	11.5	0	2	0	0	0	0	9.7	522.7	43.6	12
1981	40.3	61	68	17.5	0	0	0	0	2.3	2	32.5	7.5	231.1	19.3	12
1982	77.7	27.6	108	8.5	1.2	0	0	0	3.6	4.5	76.6	73	380.7	31.7	12
1983	52.2	109.4	161	57.8	3	0	0	19.4	20	45	54	33	554.8	46.2	12
1984	13.5	0	1	12.2	0	0	6.8	4.2	0	1.8	26.1	76.9	142.5	11.9	12
1985	14.1	32.2	22	5	0	0	10	0	21	28.7	81.1	27.5	241.6	20.1	12
1986	22.3	47.5	78.5	3	0	0	1.5	1.5	6	13	8	29	210.3	17.5	12
1987	40.8	75.1	32.9	13	3	0	0	2	9.5	102	46.5	55	379.8	31.6	12
1988	65	20	19	54.5	0	0	5.5	0	0	0.5	11	34.2	209.7	17.5	12
1989	11.3	5	29.1	0.5	1.6	0	0.1	0	1.1	6.7	0.2	3.4	59	4.9	12
1990	79.3	23.5	11	8.9	6.5	3	0.1	0.2	0.1	0.1	19	31.6	183.3	15.3	12
1991	39.7	42	141.5	0.6	0.2	0	21.7	0	0.5	14.6	7	38.6	306.4	25.5	12
1992	49.6	108.4	110.1	1.5	19.7	0	0.2	19.3	0	6.1	0	123.2	438.1	36.5	12
1993	216.1	143.2	22.6	0	3	3.5	0	0	0	2.1	20.5	22.6	433.6	36.1	12
1994	20.5	84	60	18.6	0	0	0	21	0	0.2	12.6	32.2	249.1	20.8	12
1995	145.5	62.8	97.6	31.1	11	5.5	1.5	0	6.7	0.1	4.5	11.7	378	31.5	12
1996	33	47.1	54.5	2.5	0	0	0.1	10	0	0.1	15.1	10.5	172.9	14.4	12
1997	70.3	33.2	0	8.5	0	4.7	0	0.3	26.1	1.1	53.1	85	282.3	23.5	12
1998	33.8	233.5	112.1	38.6	17.1	0.2	0.2	30.6	4.1	4.6	19.1	21.8	515.7	43	12
1999	23.1	18.1	23.3	46.2	0.1	1.5	4.6	0	0.3	0	0	6	123.2	10.3	12
2000	6.51	85.02	28.02	9.01	0.01	12.5	0	0.02	2.01	12.02	13.52	3.51	172.15	14.3	12
2001	90.01	83.53	28.01	31.5	0.01	0	5.02	2	1.5	0	10.52	28.52	280.62	23.4	12
2002	2.06	1.51	22.11	8.02	0	0	3.5	0	14	0.51	18.51	33.02	103.24	8.6	12
2003	3	118.51	51.5	27.73	3.01	0.01	11.04	2.52	0.52	0	14.02	15.03	246.89	20.6	12
2004	11.54	71.52	10.5	8.02	0	0	0.01	4	5	143.5	25.5	104.02	383.61	32	12
2005	64.41	84.53	14.62	5.53	3.5	0	0.5	1.51	0	9.01	0.01	0	183.62	15.3	12
2006	3.5	3.5	67.12	29.51	16	0	0.08	0	0.8	3.51	0.41	13.6	138.03	11.5	12
2007	16.41	27.21	8.12	6.4	3.8	0	0	0.01	1.52	0	50	20.62	134.09	11.2	12
2008	100.01	31.52	12.01	0	8.72	2.1	0.01	9.9	0.01	0	43.01		207.29	18.8	11
2009	2.41	61.01	0	5.73	0	1.02	0.01	1.21	5.02	0.02	13.53	27.32	117.28	9.8	12
2010	205.71	71.82	26.83	38.9	0	0	1.5	0.03	0	47.24	16.5	68.2	476.73	39.7	12
2011	20.4	107.51	31.82	15.51	32.72	0	3.71	0	0.05	4.92	74.3	30.6	321.54	26.8	12
2012	4.51	50.81	52.4	46.91	0	0	0.01	5.23	8.01	1.3			169.18	16.9	10
2013	64.11	31.61	31.8	0	7.6	0	1.93	3.11	3.94	28.51	8.61	11	192.22	16	12
2014	1.51	8.51	27.22	9.9	0.01	0	1.91	1.51	0	0.01	4.31	53.61	108.5	9	12
2015	11.38	4.5	26.71	6.01	34.41	0.02	6.91	0.02	3.24	31.42	20.12	37.51	182.25	15.2	12
2016	99.01	0	26.7	24.32	20.1	0	0.01	0	19.7	0	25.41	109.6	324.85	27.1	12
2017	108.5	73.91	5.82	0	6.91	0	0.01	1.01	0.01	0	3	0.01	199.18	16.6	12
2018	42.41	21.2	12.91	0	0	0	0.02	0.02	1.5	2.81	28.71	63.9	173.48	14.5	12
2019	48.82	126.61	16.33	6	31.3	0	3.41	0	12.22	0	100.6	81.2	426.49	35.5	12
2020	10.6	35.8	78.5	62.71	0.01	0	0	0	0	0	14.1	10	211.72	17.6	12
2021	0												0	0	1
MÍNIMA	0	0	0	0	0	0	0	0	0	0	0	0	0	0	
MÁXIMA	216.1	233.5	161	63.9	34.41	43	39	89	92.4	143.5	100.6	123.2	589.2	49.1	
MEDIA	50.4	57.7	47.2	16.6	5.8	1.6	2.7	4.6	5.7	12.6	25	37.2	261	21.9	
DESV.ST	53	50.3	41.3	17.9	9.1	6.2	6.4	13.5	13.9	26.2	25.2	31.1	130	10.8	

EVAPORACIÓN MENSUAL
AÑO	ENE	FEB	MAR	ABR	MAY	JUN	JUL	AGO	SEP	OCT	NOV	DIC	ACUM	PROM	MESES
1970							195.5	221.1	199.1	93.4	63.3	32.5	804.9	134.2	6
1971	42	66.34	111.1	118.4	141.1	205.9	213.2	192.7	144.9	81.2	55.8	32.2	1404.84	117.1	12
1972	58.7	100.1	150.5	182.5	212.5	193.4	280.4	226.7	166.6	88.92	47.2	45.4	1752.92	146.1	12
1973	32.2	40.1	51.4	125.6	181.8	251.9	246	222.6	171.7	151.4	50.1	48.8	1573.6	131.1	12
1974	40.5	87.7	87.8	150.6	187	269.4	241.9	269.1		146.1	102.1	79.52	1661.72	151.1	11
1975	103.7	87.6	98.2	111.8	206	251.1	292.7	316.7	247.2	168.7	144.7	76.5	2104.9	175.4	12
1976	132.7	87.8	137.2	151.6	187.9	311	227.4	287.3	117.4	172.7	117.2	97.3	2027.5	169	12
1977	60.7	128.7	123.9	188.6	174.1	269.8	328.4	242	212.8	159.7	139.7	88.3	2116.7	176.4	12
1978	48.6	67.4	97.7	126.6	229.5	320.1	337.1	275.3	215.5	170.5	78.7	57.7	2024.7	168.7	12
1979	45.3	69.8	90.2	151.2	187.6	277.4	298.5	249.2	272.5	156.7	106.6	104.1	2009.1	167.4	12
1980	59	79.8	108.2	172.3	171.3	317.3	339.3	286.7	201.7	202.6	161.3	107.3	2206.8	183.9	12
1981	79.3	92.9	78.3	162	215.1	330.9	324.7	325.3	252.4	157.8	134.2	89.6	2242.5	186.9	12
1982	60.6	91.6	113.8	178.4	161.6	53.4			180.1	163.3	89.7	60.8	1153.3	115.3	10
1983	72.33	65.69	87.18	111.56	220.4	222.81	314.6	189.7	221.3	157.56	82.1	45.59	1790.82	149.2	12
1984	90.31	114.94	189.47	179.87	301.39	273.95	284.44	273.59	267.11	153.66	89.34	26.08	2244.15	187	12
1985	77.9	95.09	116.43	229.67	209.82	334.67	332.79	351.94	204.4	150.08	72.9	52.49	2228.18	185.7	12
1986	107.4	84.1	135.3	216.4	254.8	28.7	320	329.3	199	165.3	136.5	81.4	2058.2	171.5	12
1987	84.8	98.1	134.1	253	228.6	303.4	317.2	297.2	269.1	215.9	128.1	77.2	2406.7	200.6	12
1988	85.7	144.4	195.3	192.5	288.6	274.1	325.4	291.6	254.8	153.2	118.8	120.4	2444.8	203.7	12
1989	92.32	113.6	195.84	230.76	246.51	347.41	363.33	315.49	325.84	179.2	235.82	161.76	2807.88	234	12
1990	123.97	41.14							204.92	250.06	127.76	99.07	846.92	141.2	6
1991	96.55	137.91	97.19	166.5	219.15	263.33	245.44	277.57	219.49	245.08	165.34	85.72	2219.27	184.9	12
1992	119.44	96.76	71.27	194.16	192.6	276.03	322.12	295.08	326.97	189.09	163.31	78.49	2325.32	193.8	12
1993	68.32	74.08	139.27	207.45	242.67	278.73	252.16	282.68	295.58	212.21	143.44	135.27	2331.86	194.3	12
1994	163.55			160.69	197.81	308.56	316.6	332.78	287.99	196.32	110.66	96.45	2171.41	217.1	10
1995	66.5	97.85	109.94	178.87	178.3	255.5	384.69		270.83	205.22	186.95	119.2	2053.85	186.7	11
1996	129.52	98.96	150.6	250.16	299.12	306.32	335.87	289.46	215.18	194.12	137.17	123.08	2529.56	210.8	12
1997	79.45	95.55	195.52	192.77	287.05	222.96	299.29	306.53	242.96	191.93	125.02	69.84	2308.87	192.4	12
1998	66.76	52.77	99.09	148.2	160.88	229.43	324.7	307.12	196	176.85	132.05	111.16	2005.01	167.1	12
1999	133.38	111.79	121.32	155.8	219.61	267	313.28	315.66	212.7	266.9	157.91		2275.35	206.8	11
2000	137.14	112.49	139.62	210.05	273.17	296.53	318.15	317.85	259.35	130.66	119.3	158.52	2472.83	206.1	12
2001	97.62	85	110.53	151.37	237.26	295.33	281.94	293.15	262.87	201.2	112.78	103.45	2232.5	186	12
2002	111.35	159.3	166.71	164.18	224.85	268.48	304.05	298.99	293.61	164.17	162.72	83.01	2401.42	200.1	12
2003	151	89.41	137.68	151.78	217.63	226.5	300.18	299.06	254.77	236.51	125.09	109.48	2299.09	191.6	12
2004	137.94	110.78	184.86	204.08	268.9	266.11	304.94	269	271.14	154.23	71.94	111.47	2355.39	196.3	12
2005	74.19	70.62	114.74	181.15	230.44	224.31	312.27	276.7	254.67	176.45	158.96	124.79	2199.29	183.3	12
2006	129.8	148.06	103.36	143.5	215.12	288.13	325.56	280.37	258.2	173.12	162.23	116.96	2344.41	195.4	12
2007	109.27	85.58	187.15	169.26	232.01	294.68	308.78	277.31	213.7	214.91	126.7	87.58	2306.93	192.2	12
2008	91.94	80.49	154.47	226.29	217.75	320.22	289.23	254.52	252.78	240.44	153.59		2281.72	207.4	11
2009	114.91	86.09	139.57	185.93	246	226.37	335.19	304.71	295.48	193.28	150.51	68.4	2346.44	195.5	12
2010	92.99	62.77	123.24	139.15	221.85	240.57	257.9	278.08	257.16	120.87	117	92.49	2004.07	167	12
2011	102.25	121.57	117.92	173.47	122.38	236.46	252.64	298.44	220.77	185.21	85.86	76.86	1993.83	166.2	12
2012	114.07	94.16	156.39	166.04	232.89	262.88	285.87	297.35	254.33	189.63			2053.61	205.4	10
2013	107.1	104.41	165.67	180.02	238.43	252.29	284.22	294.38	268.07	230.11	127.62	162.27	2414.59	201.2	12
2014	159.56	127.94	158.95	202.98	294.66	281.25	294.56	297.37	252.64	201.71	156.89	90.16	2518.67	209.9	12
2015	95.51	138.54	222.84	206.09	183.14	276.69	254.76	286.69	215.63	185.54	137.22	108.62	2311.27	192.6	12
2016	73.56	142.41	130.8	167.66	169.73	289.54	329.31	307.14	226.56	228.55	177.64	120.4	2363.3	196.9	12
2017	74.44	104.13	159.88	212.17	213.84	302.55	274.8	265.37	219.18	250.58	161.41	172.13	2410.48	200.9	12
2018	145.43	108.36	142.09	203.04	223.25	272.69	333.24	286.16	253.43	161.88	151.78	77.57	2358.92	196.6	12
2019	74.23	61.95	105.36	181.91	140.93	235.63	281.59	279.43	229.87	203.34	140.7	66.21	2001.15	166.8	12
2020	76.5	122.49	84.52	153.84	246.98	253.59	316.85	318.67	257.92	212.37	135.83	124.72	2304.28	192	12
2021	10.04												10.04	10	1
MÍNIMA	10.04	40.1	51.4	111.56	122.38	28.7	195.5	189.7	117.4	81.2	47.2	26.08	10.04	10	
MÁXIMA	163.55	159.3	222.84	253	301.39	347.41	384.69	351.94	326.97	266.9	235.82	172.13	2807.88	234	
MEDIA	92.2	96.7	131.1	176.8	217.4	262.4	298.4	284.4	237.4	181.8	126.8	92.9	2079.2	179	
DESV.ST	34.2	27.3	37.4	33.5	41.6	57.7	38.1	33.6	42.3	40.3	37.8	34.2	485.9	34.6	

TEMPERATURA MÁXIMA EXTREMA
AÑO	ENE	FEB	MAR	ABR	MAY	JUN	JUL	AGO	SEP	OCT	NOV	DIC	ACUM	PROM	MESES
1969	27.5	24.5	33.5	29.5	38	38	38	44.5	40	33	32.5	26	405	33.8	12
1970	26.5	29	29	31	39.5	40.5	40.5	41.5	40	36	33	25.5	412	34.3	12
1971	31	31	34.5	33.5	32	42	43	40.5	44.5	43	33	24	432	36	12
1972	26	30.5	33.5	33	39	41.5	44	42	39	32.5	27.5	25.5	414	34.5	12
1973	25	25	22	28	40	43	40.5	40	37.5	38	33	26.5	398.5	33.2	12
1974	25	28.5	30	32	46	49	45	44.5		38	33	26.5	397.5	36.1	11
1975	30	29	27.5	25	33.5	36	39	40	39.5	38	33.5	30	401	33.4	12
1976	31	30	29.5	33.5	37	44	41.5	40.5	33	36.5	35.5	25.5	417.5	34.8	12
1977	24.5	32.5	32	33	35	36	41	38	41	34	33.5	29.5	410	34.2	12
1978	24	27	32	26.5	38.5	42	46.5	41.5	39.5	37.5	34	22.5	411.5	34.3	12
1979	20.5	27	28.5	29	36	43.5	39.5	39.5	41.5	36	30	34	405	33.8	12
1980	24	28.5	25	33.5	28.5	40.5	43	39	42.5	40	34	31	409.5	34.1	12
1981	26	31	24.5	33.5	37	42	40.5	43.5	38.5	33.5	33	27.5	410.5	34.2	12
1982	25	27	28.5	31.5	33	33	40.5	40	43.5	35	29.5	24	390.5	32.5	12
1983	27.5	27.5	26.5	29.5	33	36.5	41.5	40	39.5	35	30.5	26	393	32.8	12
1984	28.5	28.5	30.5	32.5	40	36	37	38.5	42	33.5	30	25	402	33.5	12
1985	22	31	27	34	31.5	41.5	42	43.5	35.5	37.5	31.5	25.5	402.5	33.5	12
1986	28.5	33	30	32.5	37	41	39	40.5	39.5	33.5	30	28	412.5	34.4	12
1987	29	27	29	36	33	36	38.5	39	41.5	42	28	27	406	33.8	12
1988	28	29	37.5	38	37.5	34.5	38.5	38.5	41.5	37.5	33	29	422.5	35.2	12
1989	28	33	33	40	35.5	42	44	36.5	42	39	33	32	438	36.5	12
1990	29	29	32	32	38	45	40	36	42	37.5	33	29.5	423	35.2	12
1991	25	31	26	30	32.5	32	38	37	38	40	32	27	388.5	32.4	12
1992	30	27.5	23	32	29	38	42	41	42	38	31	27	400.5	33.4	12
1993	26	25	29.5	33	37.5	36	38	40	41	37	32	28	403	33.6	12
1994	31	29	28	31	36	42	38	42	38	33	28	27	403	33.6	12
1995	28	31	27	31	31	37	40	42	39	37	32	29	404	33.7	12
1996	31	30	30	36	38	38	39	41	36	40	37	29	425	35.4	12
1997	27	28	36	35	36	37	40	41	38	38	36	24	416	34.7	12
1998	24	21	30	31	27	37	41	41	37	33	28	27	377	31.4	12
1999	29	28	27	35	31	36	40	40	41	39	35	29	410	34.2	12
2000	32	27	31	34	37	36	41	41	40	31	28	28	406	33.8	12
2001	29	33	31	31	37	37	38	38	40	37	31	27	409	34.1	12
2002	30	35	28	32	36	36	37	42	44	35	33	25	413	34.4	12
2003	33.5	29	30	31	38	39	40	40	41	40	30	28	419.5	35	12
2004	29	28	36	37	38	34	37	39	39	37	25	29	408	34	12
2005	28	22	29	29	35	37	41	44	39	36	33	34	407	33.9	12
2006	32	31	27	34	33	43	45	40	40	34	35	31	425	35.4	12
2007	29	31	33	34	34	36	39	40	42	39	33	30	420	35	12
2008	24	27	31	36	39	44	38	38	39	38	34		388	35.3	11
2009	29	29	32	34	35	34	40	43	41	37	33	28	415	34.6	12
2010	28	27	29	27	31	34	40	44	43	36	38	32	409	34.1	12
2011	29	27	34	33	34	35	38	42	42	40	31	30	415	34.6	12
2012	34	27	35	31	36	36	38	41	40	42			360	36	10
2013	30	29	31	32	40	39	38	39	40	34	34	30	416	34.7	12
2014	32	37	32	37	39	35	39	40	42	38	34	27	432	36	12
2015	31	30	33	36	36	40	39	42	40	38	33	30	428	35.7	12
2016	26	33	32	33	28	42	42	42	35	38	35	28	414	34.5	12
2017	26	30	32	33	35	44	36	42	42	42	37	31	430	35.8	12
2018	32	36	30	35	35	36	42	40	40	35	33	28	422	35.2	12
2019	23	22	28	33	27	39	39	40	38	37	33	26	385	32.1	12
2020	27	30	28	33	35	37	41	44	47	42	36	30	430	35.8	12
2021	22												22	22	1
MÍNIMA	20.5	21	22	25	27	32	36	36	33	31	25	22.5	22	22	
MÁXIMA	34	37	37.5	40	46	49	46.5	44.5	47	43	38	34	438	36.5	
MEDIA	27.8	29	30.1	32.6	35.3	38.6	40.1	40.6	40.1	37.1	32.4	28	402.2	34.1	
DESV.ST	3.1	3.2	3.2	2.9	3.7	3.6	2.3	2	2.5	2.8	2.6	2.5	55.1	2	

TEMPERATURA MÁXIMA PROMEDIO
AÑO	ENE	FEB	MAR	ABR	MAY	JUN	JUL	AGO	SEP	OCT	NOV	DIC	ACUM	PROM	MESES
1969	18.3	16.3	19.8	23.2	26.3	25.5	33.2	36.5	33.5	26.3	23.5	20.5	302.9	25.2	12
1970	20	22.2	20.9	21.6	27.2	29.3	34.9	34.2	32.9	27.2	23.4	17.2	311	25.9	12
1971	19.2	19.6	23.3	22.5	23.1	29.6	35.5	34.9	32.6	26.9	22.3	15	304.5	25.4	12
1972	19.5	23.5	26	26.5	27.5	29.2	36.1	33.2	29.9	24.1	20.4	16.7	312.6	26	12
1973	16	17.8	15.4	21.6	27.8	33.1	33.3	33.6	30.1	29.8	21.6	20.2	300.3	25	12
1974	17.1	22.3	21.4	27.2	31	38.8	38.8	38		27.9	23.8	18.6	304.9	27.7	11
1975	20.5	18.8	17.9	17.5	24.5	28.1	32.3	34.3	32.8	27.1	25	20.4	299.2	24.9	12
1976	22.7	19.9	20.4	20.8	25.8	32.2	31.2	32.8	26.1	28	25.4	21.2	306.5	25.5	12
1977	18.3	24.7	19.5	26.1	22.2	29.9	34.5	32.2	31.1	28.9	27	21.6	316	26.3	12
1978	17.9	19.1	20.1	20.1	26.7	34	36.1	32.9	31.1	29.8	20.2	16.5	304.5	25.4	12
1979	15	18.8	18.6	23.4	24.9	31.4	34.1	31.8	36.1	27.5	23.4	22.7	307.7	25.6	12
1980	18.6	21.5	18.7	22.8	21.5	31.8	36	32.5	30.6	29.6	25.6	22.4	311.6	26	12
1981	21	22.9	18.3	22.6	24.6	33.4	34	35.3	32.2	24.8	25	22	316.1	26.3	12
1982	17.1	20.1	18.8	22.9	23.9	26.9	33.1	33.5	30.8	29	20.5	17.3	293.9	24.5	12
1983	19.8	19.1	18.1	18.7	25	26.1	32.9	33.6	32.1	27.1	21.5	17.8	291.8	24.3	12
1984	20.7	21.8	23.8	22.4	28.7	27.8	32.9	32.2	33.3	24.2	20.4	16.7	304.9	25.4	12
1985	16.9	19.7	18	25.8	24.3	32.5	34	34	28.1	25.6	21	20	299.9	25	12
1986	23	20.3	22	24.1	25.8	34.2	31.5	35.1	27.6	26.7	24.3	19.5	314.1	26.2	12
1987	18.5	19	19.8	25.6	25	29.4	29.6	31.5	32.2	28.8	22	16.9	298.3	24.9	12
1988	19.8	23.7	24.7	25	26.9	28.2	32.5	33	31.3	28.7	23.8	18.7	316.3	26.4	12
1989	19.1	20.8	25.1	28.1	26.5	29.8	34.2	31.2	33.7	27.1	26.1	23.6	325.3	27.1	12
1990	19.6	18.2	21.4	22.6	25.6	31.8	33.2	30.3	31.6	30.6	24.1	17.7	306.7	25.6	12
1991	19.1	24.6	16.6	22.1	23.4	25.6	28.8	31.5	31.2	29.6	25.2	18.1	295.8	24.7	12
1992	20.3	20.2	17.9	25.1	24	28.6	31.8	33.8	34.5	27.4	25	17.5	306.1	25.5	12
1993	17.6	17.6	22.4	24.8	26.3	29.1	28.5	31.6	31.9	28.2	23.4	21	302.4	25.2	12
1994	23.1	18.6	20.8	22	22.1	31.1	31.6	34.3	32.3	25.3	19.5	18.9	299.6	25	12
1995	17.3	21.6	20.2	21.8	21.3	26.8	34	37.7	33.2	27.5	27.2	20.6	309.2	25.8	12
1996	21.3	20	21.5	26.2	27.6	29.8	33.1	34	29.6	26.5	23.9	21.4	314.9	26.2	12
1997	18.7	19.2	24.9	23.4	28.4	26.3	30.4	33.1	32.9	26.6	23.5	17.8	305.2	25.4	12
1998	17.6	15.1	18	19.5	20.9	26.5	32.8	35.2	28.3	25.4	22.7	19.2	281.2	23.4	12
1999	21	20.1	17.3	19.1	22.7	27.1	31.5	32.5	29.8	31.7	25	21.7	299.5	25	12
2000	22.2	19	20.2	25.6	27.3	30.2	32.2	32.7	30.7	23.2	21	23.5	307.8	25.6	12
2001	17.5	17.1	19.9	20.5	27.7	30.9	31.2	32.9	32.3	29.1	22.9	19.2	301.2	25.1	12
2002	20.1	23.6	20.7	22.5	24.3	29	31.3	32.8	32.7	23.6	25.7	19	305.3	25.4	12
2003	25.6	18.7	20.9	20.4	24.5	25.1	33	34.2	32.1	30.7	21.1	19.9	306.2	25.5	12
2004	19	17.7	25.9	23.8	27.4	26.5	31.8	31.4	30.4	23.5	18.6	19	295	24.6	12
2005	18.2	17	19.6	22.2	25.8	26.6	34	33.3	31.5	27.3	26	23.3	304.8	25.4	12
2006	21.8	23.3	17.8	21.2	25.7	32.5	35.5	32.5	32.2	25.8	26.2	21.7	316.2	26.4	12
2007	18.4	20.7	24.2	23.3	24.9	29.9	32	33.9	30.2	28.2	24.1	18.8	308.6	25.7	12
2008	17.1	18.7	22.2	25.2	24.6	32.2	31.8	32.4	32.6	31.7	26.1		294.6	26.8	11
2009	22.8	19.3	21	22.3	27.5	26.4	34.1	33.4	34.3	27.5	24.4	18.3	311.3	25.9	12
2010	20.9	18.5	20.7	20	22.8	26.6	29.7	32.6	32.6	24.5	23	20.7	292.6	24.4	12
2011	21.2	17.7	21.6	23.6	21.6	27.8	30.8	34.1	31.5	29.5	21.7	19	300.1	25	12
2012	23.9	19.7	21.3	23.4	26.5	28.1	31.8	34	34.7	28.5			271.9	27.2	10
2013	19	18.7	23.4	24.1	26.5	29.6	32.1	33.2	32.1	26.9	23.6	21.2	310.4	25.9	12
2014	26	23.9	23.1	25.4	28	30.2	32.7	33.1	33.4	29.5	25.8	19.6	330.7	27.6	12
2015	22.3	25.3	25.1	24.6	22	30.7	30.3	33.8	31.8	29.5	23.7	19.5	318.6	26.6	12
2016	18.7	26.2	23.2	24.2	22.2	30.8	34.3	33	29.7	29.3	26	19.9	317.5	26.5	12
2017	17.7	20	24.4	26.3	24.4	31.1	32	32.9	29.8	30.3	26.7	23.9	319.5	26.6	12
2018	24.5	20.5	21.2	26.3	23.9	28.7	34.1	33	31.8	26.3	24	19	313.3	26.1	12
2019	18.4	15.4	19.7	24.3	20.7	27.4	31.3	33.8	30.6	29	24.7	19.1	294.4	24.5	12
2020	19.8	19.8	17.8	22.1	27.1	28.2	33	35.7	34.9	31.9	25.4	22.4	318.1	26.5	12
2021	19.7												19.7	19.7	1
MÍNIMA	15	15.1	15.4	17.5	20.7	25.1	28.5	30.3	26.1	23.2	18.6	15	19.7	19.7	
MÁXIMA	26	26.2	26	28.1	31	38.8	38.8	38	36.1	31.9	27.2	23.9	330.7	27.7	
MEDIA	19.8	20.2	20.9	23.2	25.1	29.5	32.8	33.4	31.7	27.7	23.7	19.7	300.4	25.5	
DESV.ST	2.4	2.5	2.6	2.3	2.3	2.7	2	1.5	1.9	2.2	2.1	2.1	40.6	1.2	

TEMPERATURA MÍNIMA EXTREMA
AÑO	ENE	FEB	MAR	ABR	MAY	JUN	JUL	AGO	SEP	OCT	NOV	DIC	ACUM	PROM	MESES
1969	1.5	-2.5	-2.5	4	7	8.5	11	12	10	4.5	4.5	-0.5	57.5	4.8	12
1970	-1.5	2.5	4.5	2.5	6	8.5	12.5	11.5	9	5	4	2	66.5	5.5	12
1971	-3	2	-0.5	3	6	7	6.5	12.5	8	0.5	2	-1	43	3.6	12
1972	-3	-3	2	3	6	10	10.5	12.5	10.5	4.5	3	-1	55	4.6	12
1973	-1	2.5	2	3	6	10	10	10.5	8.5	7	3	2	63.5	5.3	12
1974	0	0.5	0.5	3	6.5	8	10.5	11		7.5	2	-2	47.5	4.3	11
1975	-5	0.5	2	2.5	5	8	11	9.5	11	5.5	1	0.5	51.5	4.3	12
1976	-3	3.5	2.5	4	6.5	8.5	9.5	10.5	13	7	0.5	1.5	64	5.3	12
1977	1	2	1	4	7	9.5	11.5	12.5	10.5	7.5	4	3	73.5	6.1	12
1978	1.5	4	4	4	7.5	9.5	10.5	11	9.5	9	4	-2	72.5	6	12
1979	-1	1.5	2.5	4	5	7.5	10.5	12.5	13.5	4	-1	1	60	5	12
1980	2.5	2	3.5	3.5	6	6	12	12	9.5	5.5	2.5	2	67	5.6	12
1981	3	1	4	5	7.5	11.5	11.5	13	11	4.5	1.5	0	73.5	6.1	12
1982	2	3	3	5	7.5	7.5	11	12.5	8	7.5	4.5	1.5	73	6.1	12
1983	0.5	4	5.5	3	7	9	10	14.5	14	10	2	2	81.5	6.8	12
1984	1.5	2	2	4	5	9.5	15	12.5	15	4.5	3	-1	73	6.1	12
1985	0.5	0	1.5	7	8	8	12	11.5	10	8	3	-1	68.5	5.7	12
1986	3	0.5	5	5	6	11.5	12.5	13	8	7	5	1	77.5	6.5	12
1987	-3	-5	3	5.5	8.5	10	9	11	10.5	9.5	2.5	-4	57.5	4.8	12
1988	0.5	1	1.5	3.5	5	7.5	12	11.5	9.5	10	0	-3	59	4.9	12
1989	-3	-1	0.5	5.5	8.5	10	12	10.5	8	5	4	2	62	5.2	12
1990	1.5	-2	2	6	5.5	8	12.5	11	11	9	5	-1	68.5	5.7	12
1991	2	4	3	4.5	6	7.5	9	12	10	5	2	0	65	5.4	12
1992	1.5	5	6	8	10	9	12	12	10	10	2.5	0.5	86.5	7.2	12
1993	0	4	4.5	6.5	7.5	9	9	11	9	8	4	0.5	73	6.1	12
1994	2.5	3	5	6	6	9	10	13	10	8	0.5	1	74	6.2	12
1995	3	5	3	5	7	8	11	16	11	7.5	7	2	85.5	7.1	12
1996	1.5	3	4	6	8	8	13	12	11	5	2.5	3	77	6.4	12
1997	2.5	4	2.5	5	9.5	11	10	13	13	7	6	1	84.5	7	12
1998	1	4	2.5	3	7	9	10	15	9	7.5	5	0	73	6.1	12
1999	1	1	3	2.5	5.5	6.5	9	10	7.5	8.5	2.5	2	59	4.9	12
2000	3	3.5	3	5.5	8	9	10	10	11.5	8	3	3	77.5	6.5	12
2001	1	2	4	3.5	9	9	10	10	11	9	2	2	72.5	6	12
2002	-1	0.5	3	5	6	9	11	10	12	5.5	6.5	3	70.5	5.9	12
2003	5	5	4	4	6	10	11	14.5	13	12	3	-1	86.5	7.2	12
2004	1.5	2	4.5	7	9	8.5	11	11	10	7.5	1	1	74	6.2	12
2005	3	4	4.5	5.5	7.5	9	12	12	9	10	1	3.5	81	6.8	12
2006	2	2	4	6	9	12	17	12	12	7	4	2	89	7.4	12
2007	-7	3	4	6	8	9	13	12	10	8	7	2	75	6.2	12
2008	3	3	3	4	9	9	11	12	10	6	8		78	7.1	11
2009	2	3	3	5	9	10	11	11	12	2	4	2	74	6.2	12
2010	4	4	4	5	6	9	12	10	10	9	2	2	77	6.4	12
2011	4	2	3	4	3	7	13	12	12	6	4	0	70	5.8	12
2012	4	3	2	5	8	9	10	14	13	9			77	7.7	10
2013	1	2	4	5	7	10	12	11	11	7	5	1	76	6.3	12
2014	6	4	7	5	8	11	13	13	12	12	6	3	100	8.3	12
2015	-1	6	6	7	7	10	12	11	12	11	3	1	85	7.1	12
2016	3	2	3	5	8	11	12	12	10	9	4	3	82	6.8	12
2017	3	4	5	6	7	10	11	12	10	10	7	2	87	7.2	12
2018	3	-1	4	6	5	9	12	13	10	8	7	1	77	6.4	12
2019	1	2	4	7	7	10	11	12	9	4	4	3	74	6.2	12
2020	3	3	3	6	5	10	12	12	12	4	4	0	74	6.2	12
2021	5												5	5	1
MÍNIMA	-7	-5	-2.5	2.5	3	6	6.5	9.5	7.5	0.5	-1	-4	5	3.6	
MÁXIMA	6	6	7	8	10	12	17	16	15	12	8	3.5	100	8.3	
MEDIA	1.1	2.1	3.2	4.8	6.9	9.1	11.2	11.9	10.6	7.2	3.5	0.9	70.8	6	
DESV.ST	2.6	2.2	1.7	1.3	1.4	1.3	1.6	1.3	1.7	2.4	2	1.7	14.3	0.9	

TEMPERATURA MÍNIMA PROMEDIO
AÑO	ENE	FEB	MAR	ABR	MAY	JUN	JUL	AGO	SEP	OCT	NOV	DIC	ACUM	PROM	MESES
1969	7.5	5.2	5.6	8.7	10.6	13	16.6	19	16.5	9	9.6	5	126.3	10.5	12
1970	4.9	7	7.4	6.3	10.3	13.2	17.3	17.6	13.9	10.7	7.7	4.5	120.8	10.1	12
1971	4.2	4.6	4.9	7	9.3	12.4	15.9	19.1	15.4	9.4	5.9	2.8	110.9	9.2	12
1972	2.2	4.9	7.5	8.2	11.2	14.1	17.9	17.2	14.7	11.4	6.5	4	119.8	10	12
1973	2.7	5.8	5.4	6.7	10.3	14.1	14.6	15.3	11.7	10.1	6.7	4.4	107.8	9	12
1974	4.5	2.5	5.3	7.4	10.2	14.1	15.9	15.2		10.8	7.4	3.7	97	8.8	11
1975	3.5	4.4	5.1	5.7	9.3	11	14.9	15.5	16.6	9.9	6.4	4.4	106.7	8.9	12
1976	5.1	6.9	5.9	7.6	11	14.2	15.5	15.2	16.9	11.8	8.6	4.2	122.9	10.2	12
1977	5.6	4.9	4.7	8	9.3	13.5	16.6	17.2	14.3	12.6	8.4	8.5	123.6	10.3	12
1978	7.3	7.1	8.6	8.5	10.6	15.1	17.1	15.8	14.8	13.4	7.2	3.5	129	10.8	12
1979	5	4.4	6.9	7.6	10.6	13.7	15.9	16	18	11.1	6.2	4.7	120.1	10	12
1980	7.7	8.2	6.9	9.3	10	12.7	18.8	17.5	13.7	12.2	8	6.7	131.7	11	12
1981	7.2	7.5	7.4	9.8	11.7	16	17.5	18.3	16.3	10.3	8.3	6.1	136.4	11.4	12
1982	5.3	7	7.2	8.5	10.7	11.7	16	17.9	16.9	10.2	6.8	4.7	122.9	10.2	12
1983	5.8	6.5	8.4	7.5	10.1	11.9	15.5	19.1	19.3	13.5	8	5.7	131.3	10.9	12
1984	5.4	5.2	7.1	8.2	11.9	13.1	19.6	18.2	19.4	11	7.1	5.6	131.8	11	12
1985	5	5	6.3	10.2	10.8	13.8	17.8	16.6	15	12.6	7.5	6	126.6	10.6	12
1986	6.8	6.8	8.4	8.8	10.5	17.5	15.7	18	12.2	10.9	8.3	5.3	129.2	10.8	12
1987	3.8	4.8	6.1	9.3	11.7	12.5	13.2	15	14.6	14.1	7.1	3	115.2	9.6	12
1988	4.2	5.6	6.4	8.4	10.2	11.7	16.5	15.8	14.5	12.3	5.8	3.7	115.1	9.6	12
1989	2.8	4.7	7.4	10.1	11.2	13.6	16	14.8	15.6	11.4	9.3	6.5	123.4	10.3	12
1990	6.3	4.9	7.5	10.1	9.8	14.7	17.4	15.2	16.9	13	9	4.7	129.5	10.8	12
1991	5.8	7.5	6.3	8	8.7	10.1	13.5	15.8	15.6	15	9.2	6	121.5	10.1	12
1992	5	7.9	8.3	10.4	12.4	13.3	16.6	18.5	16.7	12.7	7.4	4.7	133.9	11.2	12
1993	7.3	7.3	8.2	9.3	12	13.4	13.1	14.9	14.9	12.6	7.9	5	125.9	10.5	12
1994	6.2	7.4	6.9	8.5	10	14.5	14.1	18.5	15.7	11.4	4.7	5.1	123	10.2	12
1995	6	8.9	7.9	7.9	10	12	17	19.4	18.1	11.5	10.7	6.4	135.8	11.3	12
1996	6.5	8.2	7.4	10.1	11.9	12.2	17.9	17.9	15.4	10.9	8.7	6.6	133.7	11.1	12
1997	7	5.6	7.5	8.9	13	12.4	13.8	18.5	18.8	12.6	9.5	5.4	133	11.1	12
1998	6.4	6	7.6	7.5	10.1	12.3	16.1	18.9	14.8	10.4	7.1	4.4	121.6	10.1	12
1999	4.9	4.9	5.3	6.7	8.7	10.2	15.3	15.8	12.9	12.9	8.3	5.2	111.1	9.3	12
2000	7.2	6.3	7	9.2	12.1	13.9	15.2	17.4	16	11.5	6.5	7.6	129.9	10.8	12
2001	5.2	5.5	8.2	7.7	12.4	14.9	14.1	15.8	15.8	12.6	9.2	5.2	126.6	10.6	12
2002	5.3	5.8	6.3	8.9	9.5	12.1	14.9	14.9	17.8	10.8	9.7	6.4	122.4	10.2	12
2003	8.7	8.6	8.2	7.8	10.7	12.7	17.6	19.2	16	15.2	7.7	5.9	138.3	11.5	12
2004	5.6	5.5	9.9	9.7	12.2	12.2	15.5	15.1	15.6	12.3	6.9	6.6	127.1	10.6	12
2005	7.2	7.5	8	8.2	11.3	11.5	17.2	17.5	14.7	12.8	9.6	7.8	133.3	11.1	12
2006	6.7	7.7	6.9	8.8	11.8	16	20.7	16.9	17.3	12	10.7	6	141.5	11.8	12
2007	4.1	7.5	9.5	9.9	11.5	12.8	16.6	17.7	16.2	13.5	9.8	5.8	134.9	11.2	12
2008	7.1	6.9	7	8.6	11.6	14.7	16.7	17.3	17.5	14.2	11.9		133.5	12.1	11
2009	7.8	6.8	7.4	8.8	11.9	13.4	17.9	16.4	18	11.4	8.9	6.4	135.1	11.3	12
2010	7.4	7.4	7.9	8.1	9.6	11.8	15	16.3	16.2	13.2	8	8.5	129.4	10.8	12
2011	6.8	5.2	7.8	9.6	7.8	12	16.1	16.6	16	12.6	8.7	4.9	124.1	10.3	12
2012	7.1	6.3	6.6	9.6	11.2	12.1	15	19.5	19.7	13.9			121	12.1	10
2013	5	4.9	8.6	9.4	12	13.2	17.4	16.7	17.3	10.6	9.6	6.2	130.9	10.9	12
2014	8.9	8.9	9.3	9.8	12.4	13.5	17	18.1	18.2	14.5	10.2	8.5	149.3	12.4	12
2015	7.8	10	10.8	10.2	11.3	15.9	16.4	17.9	19.1	16.1	8.7	5.9	150.1	12.5	12
2016	6.7	8.4	8.7	10.4	11.5	15	16.8	16.8	15	13.8	10.7	7.7	141.5	11.8	12
2017	7.1	8	9.5	9.6	11.8	14.7	16.5	16.6	15.8	13.4	11.8	8.5	143.3	11.9	12
2018	9.4	6.8	9	10	10.8	12.4	17.6	17.8	14.6	12.6	9.7	7.1	137.8	11.5	12
2019	6.8	5.5	7.5	10.5	10.3	13.3	15.7	16.7	16.3	11.5	9.9	7.7	131.7	11	12
2020	5.7	7.3	7.6	10.1	12.1	13.6	15.4	18.9	17.4	14	9.2	6.1	137.4	11.4	12
2021	5.7												5.7	5.7	1
MÍNIMA	2.2	2.5	4.7	5.7	7.8	10.1	13.1	14.8	11.7	9	4.7	2.8	5.7	5.7	
MÁXIMA	9.4	10	10.8	10.5	13	17.5	20.7	19.5	19.7	16.1	11.9	8.5	150.1	12.5	
MEDIA	6	6.4	7.4	8.7	10.8	13.3	16.2	17.1	16.1	12.2	8.4	5.7	125.3	10.6	
DESV.ST	1.6	1.5	1.3	1.2	1.1	1.5	1.5	1.4	1.8	1.5	1.6	1.4	19.7	1.1	

TEMPERATURA MEDIA MENSUAL
AÑO	ENE	FEB	MAR	ABR	MAY	JUN	JUL	AGO	SEP	OCT	NOV	DIC	ACUM	PROM	MESES
1969	12.9	10.8	12.7	16	18.5	19.2	24.9	27.7	25	17.6	16.5	12.7	214.5	17.9	12
1970	12.5	14.6	14.1	13.9	18.8	21.3	26.1	25.9	23.4	19	15.6	10.8	216	18	12
1971	11.7	12.1	14.1	14.8	16.2	21	25.7	27	24	18.2	14.1	8.9	207.8	17.3	12
1972	10.9	14.2	16.7	17.3	19.4	21.6	27	25.2	22.3	17.8	13.4	10.3	216.1	18	12
1973	9.3	11.8	10.4	14.1	19.1	23.6	24	24.5	20.9	19.9	14.1	12.3	204	17	12
1974	10.8	12.4	13.3	17.3	20.6	26.5	27.3	26.6		19.4	15.6	11.2	201	18.3	11
1975	12	11.6	11.5	11.6	16.9	19.6	23.6	24.9	24.7	18.5	15.7	12.4	203	16.9	12
1976	13.9	13.4	13.2	14.2	18.4	23.2	23.3	24	21.5	19.9	17	12.7	214.7	17.9	12
1977	11.9	14.8	12.1	17	15.8	21.7	25.5	24.7	22.7	20.8	17.7	15	219.7	18.3	12
1978	12.6	13.1	14.3	14.3	18.7	24.5	26.6	24.3	23	21.6	13.7	10	216.7	18.1	12
1979	10	11.6	12.8	15.5	17.7	22.5	25	23.9	27.1	19.3	14.8	13.7	213.9	17.8	12
1980	13.2	14.8	12.8	16	15.7	22.3	27.4	25	22.2	20.9	16.8	14.6	221.7	18.5	12
1981	14.1	15.2	12.8	16.2	18.2	24.7	25.7	26.8	24.2	17.5	16.7	14.1	226.2	18.9	12
1982	11.2	13.5	13	15.7	17.3	19.3	24.5	25.7	23.9	19.6	13.6	11	208.3	17.4	12
1983	12.8	12.8	13.3	13.1	17.5	19	24.2	26.4	25.7	20.3	14.7	11.8	211.6	17.6	12
1984	13	13.5	15.4	15.3	20.3	20.5	26.3	25.2	26.3	17.6	13.7	11.1	218.2	18.2	12
1985	10.9	12.3	12.2	18	17.5	23.1	25.9	25.3	21.6	19.1	14.3	13	213.2	17.8	12
1986	14.9	13.6	15.2	16.5	18.1	25.8	23.6	26.5	19.9	18.8	16.3	12.4	221.6	18.5	12
1987	11.2	11.9	12.9	17.4	18.4	21	21.4	23.2	23.4	21.5	14.5	10	206.8	17.2	12
1988	12	14.7	15.5	16.7	18.6	20	24.5	24.4	22.9	20.5	14.8	11.2	215.8	18	12
1989	11	12.7	16.2	19.1	18.9	21.7	25.1	23	24.7	19.2	17.7	15	224.3	18.7	12
1990	12.9	11.5	14.4	16.3	17.7	23.2	25.3	22.8	24.2	21.8	16.6	11.2	217.9	18.2	12
1991	12.5	16	11.5	15	16.1	17.8	21.1	23.6	23.4	22.3	17.2	12.1	208.6	17.4	12
1992	12.7	14.1	13.1	17.7	18.2	21	24.2	26.2	25.6	20.1	16.2	11.1	220.2	18.4	12
1993	12.4	12.5	15.3	17	19.1	21.3	20.8	23.2	23.4	20.4	15.6	13	214	17.8	12
1994	14.6	13	13.9	15.3	16	22.8	22.9	26.4	24	18.3	12.1	12	211.3	17.6	12
1995	11.7	15.3	14	14.8	15.6	19.4	25.5	28.5	25.7	19.5	19	13.5	222.5	18.5	12
1996	13.9	14.1	14.4	18.1	19.7	21	25.5	25.9	22.5	18.7	16.3	14	224.1	18.7	12
1997	12.9	12.4	16.2	16.2	20.7	19.3	22.1	25.8	25.9	19.6	16.5	11.6	219.2	18.3	12
1998	12	10.5	12.8	13.5	15.5	19.4	24.4	27.1	21.5	17.9	14.9	11.8	201.3	16.8	12
1999	13	12.5	11.3	12.9	15.7	18.6	23.4	24.1	21.4	22.3	16.6	13.5	205.3	17.1	12
2000	14.7	12.6	13.6	17.4	19.7	22	23.7	25.1	23.4	17.4	13.7	15.5	218.8	18.2	12
2001	11.4	11.3	14	14.1	20.1	22.9	22.7	24.3	24	20.8	16	12.2	213.8	17.8	12
2002	12.7	14.7	13.5	15.7	16.9	20.5	23.1	23.8	25.2	17.2	17.7	12.7	213.7	17.8	12
2003	17.2	13.7	14.6	14.1	17.6	18.9	25.3	26.7	24	23	14.4	12.9	222.4	18.5	12
2004	12.3	11.6	17.9	16.8	19.8	19.3	23.6	23.2	23	17.9	12.7	12.8	210.9	17.6	12
2005	12.7	12.3	13.8	15.2	18.6	19	25.6	25.4	23.1	20	17.8	15.6	219.1	18.3	12
2006	14.2	15.5	12.4	15	18.7	24.3	28.1	24.7	24.8	18.9	18.4	13.8	228.8	19.1	12
2007	11.2	14.1	16.9	16.6	18.2	21.3	24.3	25.8	23.2	20.9	16.9	12.3	221.7	18.5	12
2008	12.1	12.8	14.6	16.9	18.1	23.4	24.2	24.8	25	23	19		213.9	19.4	11
2009	15.3	13.1	14.2	15.6	19.7	19.9	26	24.9	26.2	19.4	16.7	12.4	223.4	18.6	12
2010	14.2	12.9	14.3	14.1	16.2	19.2	22.3	24.5	24.4	18.9	15.5	14.6	211.1	17.6	12
2011	14	11.4	14.7	16.6	14.7	19.9	23.5	25.3	23.8	21	15.2	12	212.1	17.7	12
2012	15.5	13	13.9	16.5	18.9	20.1	23.4	26.7	27.2	21.2			196.4	19.6	10
2013	12	11.8	16	16.7	19.2	21.4	24.7	24.9	24.7	18.7	16.6	13.7	220.4	18.4	12
2014	17.5	16.4	16.2	17.6	20.2	21.8	24.9	25.6	25.8	22	18	14	240	20	12
2015	15	17.6	18	17.4	16.7	23.3	23.3	25.8	25.5	22.8	16.2	12.7	234.3	19.5	12
2016	12.7	17.3	16	17.3	16.9	22.9	25.5	24.9	22.3	21.5	18.3	13.8	229.4	19.1	12
2017	12.4	14	17	17.9	18.1	22.9	24.3	24.8	22.8	21.8	19.3	16.2	231.5	19.3	12
2018	16.9	13.6	15.1	18.1	17.3	20.5	25.8	25.4	23.2	19.5	16.8	13	225.2	18.8	12
2019	12.6	10.5	13.6	17.4	15.5	20.3	23.5	25.2	23.5	20.3	17.3	13.4	213.1	17.8	12
2020	12.8	13.6	12.7	16.1	19.6	20.9	24.2	27.3	26.1	22.9	17.3	14.3	227.8	19	12
2021	12.7												12.7	12.7	1
MÍNIMA	9.3	10.5	10.4	11.6	14.7	17.8	20.8	22.8	19.9	17.2	12.1	8.9	12.7	12.7	
MÁXIMA	17.5	17.6	18	19.1	20.7	26.5	28.1	28.5	27.2	23	19.3	16.2	240	20	
MEDIA	12.9	13.3	14.1	16	18	21.4	24.5	25.2	23.9	19.9	16	12.7	212.8	18.1	
DESV.ST	1.7	1.6	1.7	1.6	1.5	1.9	1.6	1.3	1.6	1.6	1.7	1.6	29.3	1	
