 COMISIÓN NACIONAL DEL AGUA
 COORDINACIÓN GENERAL DEL SERVICIO METEOROLÓGICO NACIONAL
 PROYECTO DE BASES DE DATOS CLIMATOLÓGICOS

 ESTACIÓN  : 2118 
 NOMBRE    : VALLE DE SAN RAFAEL 



LLUVIA MÁXIMA 24H
AÑO	ENE	FEB	MAR	ABR	MAY	JUN	JUL	AGO	SEP	OCT	NOV	DIC	ACUM	PROM	MESES
1979											13	12	25	12.5	2
1980	66.3	34	20	3	3	0	2	6	0	1.3	0	7.8	143.4	11.9	12
1981	25	22.1	18.2	11.5	0	0	8.5	0	11	2.5	13.8	4	116.6	9.7	12
1982	15	30	23.2	8.2	1.3	0		12	3	2.2	35	19.4	149.3	13.6	11
1983	16.5	25.5	39.5	10.6	1.1	0	0	48	21.5	9.7	16.5	17.3	206.2	17.2	12
1984	9.8	0.6	0.8	8.1	0	0	22.8	10.1	3	0.1	6.1	36	97.4	8.1	12
1985	5.5	8.5	6.5	3.5	0	0	2.5	0	9.5	16.1	25.5	13.2	90.8	7.6	12
1986	3.7	12.5	32	1.8	0	0	2.7	3	5.4	5		7.5	73.6	6.7	11
1987	23	29.5	9.7	11	4.8	0	0	18.5	5.8	16.5	13	23.5	155.3	12.9	12
1988	57	13	15.3	19.5	1.2	0	16	11.3	0	0.4	6.2	10.5	150.4	12.5	12
1989					1.8		0					0	1.8	0.6	3
1991	13.5	56.4	29	2	0	0	20	3.5	10.6	20	0	27	182	15.2	12
1992	31.3	33.5	33.5	2.7	7.6	0	0	11	0	8.5	3.1	30	161.2	13.4	12
1993	52.8	48	15.6	0	0	5.6	0	16.7	0	5.2	16.5	9.7	170.1	14.2	12
1994	9.2	40	17.2	10.2	0	0	3	4.3	0	0	18.4	31	133.3	11.1	12
1995	57	14.5	45.5	22.7	17.5	7.2	0	4.5	29	0	0	3.5	201.4	16.8	12
1996	22.9	26.7	17.6	0	0	0	2.3	8.5	0	7.3	6.3	6	97.6	8.1	12
1997	27	13.5	6.5	12	0	8	0	1	14.6	0	13	44.6	140.2	11.7	12
1998	11.4	46	38.7	16.7	7.4	0	0	3.7	1	0	5.2	13.2	143.3	11.9	12
1999	11.9	20.6	15.6		0	0	37.9	0	0	0	0	3.5	89.5	8.1	11
2000	11.2	32.8	25.2	4	0	15	0	6.4	0	14.4	6.7	3.2	118.9	9.9	12
2001	29.6	26.3	11.3	8.3	0	0	11.4	0	0	0	0		86.9	7.9	11
2002	4.2	0	10.4	4.2	15	0	9.5	0	0	1.5	6.4		51.2	4.7	11
2003	4	27.2	31.4	15.2	1.2	0	0	19.2	0	0	11.5	1.5	111.2	9.3	12
2004	5.2	47.3	7.4	4.7	0	0	0	0	0	63.7	14.3	24.2	166.8	13.9	12
2005	34.2	20.2	8.4	2.1	4.7	0	7.6	21.2	0	6.7	0	0	105.1	8.8	12
2006	3.2	1.7	25.7	8.5	13.2	0	4.9	0	0	0	0	6.4	63.6	5.3	12
2007	6.7	7.3	2	0	4.2	0	0	4	15	0	41	8.2	88.4	7.4	12
2008	27.5	16.7	14.5	1	5	0	0	7	0	0.5	10.4	0	82.6	6.9	12
2009	1	19.6	0	7.2	0	0	0	0	0	0	12.7	33.7	74.2	6.2	12
2010	89.2	25.8	14.2	20	0	0	0		7.5	49	9	22	236.7	21.5	11
2011	4.5	59	13.8	9.5	3.5	0	10	0	0	9	21	29.7	160	13.3	12
2012	4.2	17.3	22	13.5	0	0	0	11	5	2.5			75.5	7.6	10
2013	40.5	14.2	23.9	1	2.3	0	7	31.2	8.7	10.4	6	13	158.2	13.2	12
2014	0	33	8.4		0	0	7	14.7	19	10.5	1.5	11.5	105.6	9.6	11
2015	9.7	5.2	24	3	8	10	26.5	0	2	3.5	18.2	6	116.1	9.7	12
2016	28.5	0	15.2	21.2	4	0	9.2	0	11	0	9.5	31.5	130.1	10.8	12
2017	37.2	30.7	5.2	0	6.5	0	0.5	44.2	2	0	7.2	0	133.5	11.1	12
2018	21.6	8.6	15.2	0	2.3	0	0	8	4.7	3.2	11.2	22.5	97.3	8.1	12
2019	13.4	27.2	2.1	1.6	12.2	0	4.3	0	16.7	0	35.8	0	113.3	9.4	12
2020	10.1	9.5	56.5	17.6	0	0	0	0	0	2.2	6.3	9.5	111.7	9.3	12
2021												0	0	0	1
MÍNIMA	0	0	0	0	0	0	0	0	0	0	0	0	0	0	
MÁXIMA	89.2	59	56.5	22.7	17.5	15	37.9	48	29	63.7	41	44.6	236.7	21.5	
MEDIA	21.7	23.2	18.5	7.7	3.2	1.2	5.5	8.7	5.3	7	11.1	13.9	117	10.2	
DESV.ST	20.3	15.2	12.8	6.8	4.6	3.3	8.6	11.6	7.3	12.9	10.2	12.1	50.5	4.1	

LLUVIA TOTAL MENSUAL
AÑO	ENE	FEB	MAR	ABR	MAY	JUN	JUL	AGO	SEP	OCT	NOV	DIC	ACUM	PROM	MESES
1979											13	18	31	15.5	2
1980	153.3	191.6	69.5	6.5	6	0	2	6	0	1.6	0	7.8	444.3	37	12
1981	30.8	38.1	64.9	21.5	0	0	8.5	0	16.5	2.5	30.1	4	216.9	18.1	12
1982	73.5	39.9	88.9	8.2	1.3	0		19.5	7	2.2	91.9	72.9	405.3	36.8	11
1983	35.4	83.7	140.6	46.3	1.1	0	0	101.9	45.2	9.7	38.1	42.7	544.7	45.4	12
1984	17.3	0.6	0.8	11.5	0	0	38.5	12	3	0.1	17.3	96.5	197.6	16.5	12
1985	16.9	27.8	14.7	4.2	0	0	3.8	0	10.1	23.4	56.8	16.9	174.6	14.5	12
1986	7.8	41.3	78.6	2.9	0	0	3.2	5.8	7.5	6		20.5	173.6	15.8	11
1987	28.5	77.1	24.5	11.2	9.6	0	0	18.7	5.8	74.8	28.6	50.2	329	27.4	12
1988	62.8	15.3	15.3	65.6	1.8	0	29.5	21.9	0	0.4	8.4	19.5	240.5	20	12
1989					3.6		0					0	3.6	1.2	3
1991	36.83	89.4	146.7	2	0	0	39.8	3.5	18.3	20	0	48.6	405.13	33.8	12
1992	39.8	80	139.9	2.7	13	0	0	18.9	0	18.4	3.1	101.1	416.9	34.7	12
1993	237.5	144.5	34.4	0	0	5.6	0	16.7	0	7.5	27.3	14.4	487.9	40.7	12
1994	23.4	97.5	54.2	20.1	0	0	3	4.3	0	0	41.6	37	281.1	23.4	12
1995	150.09	25.6	83.1	32.7	26	11	0	4.5	49.9	0	0	9.3	392.19	32.7	12
1996	51.9	44.2	41.4	0	0	0	2.3	17.6	0	12.5	7.7	10	187.6	15.6	12
1997	62.4	22.1	6.5	21.1	0	8	0	1	37.5	0	28.1	92.8	279.5	23.3	12
1998	22.2	158.9	102.2	42.1	9.1	0	0	7.1	1	0	9.5	17.7	369.8	30.8	12
1999	24.4	22	22.9		0	0	46.7	0	0	0	0	3.5	119.5	10.9	11
2000	11.7	59	36.2	4	0	15	0	6.4	0	15.7	8.7	3.2	159.9	13.3	12
2001	72.6	89.5	35.4	30.5	0	0	11.4	0	0	0	0		239.4	21.8	11
2002	5.2	0	15.7	4.2	157	0	9.5	0	0	1.5	10.6		203.7	18.5	11
2003	4	81.6	44.1	17.8	1.2	0	0	36.7	0	0	15.8	2.7	203.9	17	12
2004	7.6	70.3	8.9	9.9	0	0	0	0	0	118.1	24.9	42.4	282.1	23.5	12
2005	76.6	65	25.4	2.1	4.7	0	7.6	28.8	0	6.7	0	0	216.9	18.1	12
2006	3.2	3.2	56	11.4	13.2	0	8.1	0	0	0	0	15.2	110.3	9.2	12
2007	15.2	21.2	2	0	4.2	0	0	8.5	23	0	55.5	23	152.6	12.7	12
2008	89.6	45.8	22.8	1	5	0	0	14.5	0	0.5	24.6	0	203.8	17	12
2009	1	71	0	7.2	0	0	0	0	0	0	14.2	50.5	143.9	12	12
2010	199	81.4	37.1	39.7	0	0	0		7.5	72.5	9	62	508.2	46.2	11
2011	8.5	104	20.5	21.3	7	0	13.5	0	0	9	47.5	43.1	274.4	22.9	12
2012	7.5	42.7	35	25.8	0	0	0	42	9.5	2.5			165	16.5	10
2013	59.9	27.5	37.1	1	4.3	0	7	34.2	20.7	12.4	10.5	22	236.6	19.7	12
2014	0	46.2	8.4		0	0	7.5	20.7	27	12	2.5	62	186.3	16.9	11
2015	11.2	6.7	30.9	4	20.3	10	30.5	0	3	8	36.2	23.5	184.3	15.4	12
2016	97.4	0	32.2	47.3	6	0	9.2	0	27	0	21.5	87.4	328	27.3	12
2017	114.1	58.5	5.2	0	12.9	0	0.5	48.2	2	0	7.2	0	248.6	20.7	12
2018	21.6	13.1	20.9	0	2.3	0	0	22.5	4.7	3.7	13.9	59.2	161.9	13.5	12
2019	30.4	128.03	6	1.6	28.6	0	6.5	0	24.4	0	95.6	0	321.13	26.8	12
2020	11.9	17.4	118.8	39	0	0	0	0	0	2.2	10.8	11.8	211.9	17.7	12
2021												0	0	0	1
MÍNIMA	0	0	0	0	0	0	0	0	0	0	0	0	0	0	
MÁXIMA	237.5	191.6	146.7	65.6	157	15	46.7	101.9	49.9	118.1	95.6	101.1	544.7	46.2	
MEDIA	49.3	57.2	44.3	15.3	8.5	1.3	7.4	13.7	9	11.4	21.3	30.5	248.7	21.4	
DESV.ST	55.9	45.5	40.5	17	25.1	3.5	12.3	19.7	13.4	24.1	23.4	30.1	127.6	10.4	

EVAPORACIÓN MENSUAL
AÑO	ENE	FEB	MAR	ABR	MAY	JUN	JUL	AGO	SEP	OCT	NOV	DIC	ACUM	PROM	MESES
1979											67.9	105.3	173.2	86.6	2
1980	77.8	72.8	89.4	122.9	158.2	262.4	316.4	274.4	269.4	231.5	145.2	143.2	2163.6	180.3	12
1981	93.8	141.4	118.5	174.5	207.5	327.8	334.6	334	237.4	148.6	131.4	92.9	2342.4	195.2	12
1982	70.1	92.5	114.4	151	163.1	202.9			122	171	82.8	67.3	1237.1	123.7	10
1983	96.9	46.1	80.4	115.9	201.5		305.8	174.8	189.3	143.3	89.7	71.1	1514.8	137.7	11
1984	104.7	89.62	114.01	143.9	249.6	160.6	122.7	192.32	137.4	87.8	61.42	46.1	1510.17	125.8	12
1985	66.3	89.8	24.8	55.3	67.9			183.4	146.6	109.7	89.63	56.4	889.83	89	10
1986	81.8	68.5	63.5	114.5	148.6	149.1	118.3	194	148.2			73.7	1160.2	116	10
1987		28.7	103.4	97.5	211.7	134.6	215.9	135.5	100.5	115.2	74.5	51.2	1268.7	115.3	11
1988	100.6	111.6	154	157.4	214	226	132.1	87.9	146.1	109.6	97.9	93.9	1631.1	135.9	12
1989					184.9							28.9	213.8	106.9	2
1991	104.15	67.95	107.23	101.31	129.74	144.02	151.53	163.76	126.44	146.64	81.51	30.53	1354.81	112.9	12
1992	66.07	54.39	61.85	86.89	105.44	121.22	109.86	128.69	157.79	83.02	68.35	34.82	1078.39	89.9	12
1993	36.01	42.3	80.32	89.4	125.83	162.71	135.01	155.11	222.81	167.93	68.75	65.08	1351.26	112.6	12
1994	25.59	75.76	127.51	147.97	185.19	288.75	322.44	282.41	246.13	147.83	85.88	72.39	2007.85	167.3	12
1995	24.7	82.04	88.89	112.57	154.52	227.62	295.06	186.09	136.58	100.07	70.27	49.28	1527.69	127.3	12
1996	75.92	65.82	65.41	106.56	158.63	161.83	326.69	222.4	180.29	149.76	113.2	78.13	1704.64	142.1	12
1997	39.8	66.47	92.67	99.83	148.66	105.85	165.55	200.33	100.75	106.48	86.1	55.78	1268.27	105.7	12
1998	34.51	31.69	88.07	82.25	133.66	212.89	315.17	237.54	197.08	156.4	95.87	64.84	1649.97	137.5	12
1999	88.12	92.48	120.06		129.09	190.75	166.15	177.62	36.07	142.2	114.59		1257.13	125.7	10
2000	66.51	58.65	53.85	93.43	111.49	206.16	183.33	162.64	136.63	73.55	70.63	43.22	1260.09	105	12
2001	48.83	46.43	72.28	69.61	151.11	173.58	149.15	141.49	131.48	120.39			1104.35	110.4	10
2002	74.61	36.74	86.69	131.74	126.5	170.25	195.24	156.05	136.14	108.21	84.61		1306.78	118.8	11
2003	81.49	37.79	71.26	109.07	131.23	163.54	210.92	144.87	166.52	171.08	95.74	73.49	1457	121.4	12
2004	60.84	67.07	109.46	134.29	147.94	144.03	239.45	176.29	163.3	121.78	73.59	35.33	1473.37	122.8	12
2005	57.46	56.04	92.62	90.78	137.53	187.11	206.95	246.04	168.13	99	146.09	75.47	1563.22	130.3	12
2006	86.68	89.2	82.76	77.9	166.22	191.66	161.41	174.16	159.43	104.64	146.49	93.05	1533.6	127.8	12
2007	98.68	88.34	198.61		214.72	306.86	305.26	301.06	206.55	189.1	110.85	66.83	2086.86	189.7	11
2008	80.8	77.58	144.17	197.6	210.74	304.27	307.56	281.84	229.4	203.82	111.47		2149.25	195.4	11
2009	98.31	71.06	134.8	182.56	276.67	237.11	336.8	313.76	274.44	169.23	110.61	80.89	2286.24	190.5	12
2010	67	70.06	124.81	145.5	200.89	273.52	309.33		238.51	111.23	103.31	75	1719.16	156.3	11
2011	76.11	94.01	107.37	145.75	200	249.76	227.76	256.32	196.07	110.08	89.26	107.52	1860.01	155	12
2012	59.41	48.01	91.09	76.09	116.53	179.99	268.89	275.53	200.06	161.34			1476.94	147.7	10
2013	53.69	68	132.54	177.25	237.98	289.28	277.86	278.05	202.93	144.03	83.7	65.25	2010.56	167.5	12
2014	90.66	93.68	141.67	197.84	268.42	304.27	276.12	270.23	225.99	155.47	99.6	59	2182.95	181.9	12
2015	80.38	103.28	140.97	163.15	176.52	249.55	256.53	284.83	209.19	137.27	90.86	57.45	1949.98	162.5	12
2016	67.85	100.75	142.03	160.04	217.65	311.47	331.02	268.52	191.18	146.06	97.32	92.49	2126.38	177.2	12
2017	50.2	61.27	118.94	179.16	209.1	272.42	274.58	263.26	181.33	158.27	85.37	120.23	1974.13	164.5	12
2018	58.15	96.17	114.42	209.92	221.25	291.56	306.8	254.35	237.09	113.69	114.62	64.06	2082.08	173.5	12
2019	67.88	100.41	93.25	161.7									423.24	105.8	4
2020							106.5						106.5	106.5	1
2021												73.39	73.39	73.4	1
MÍNIMA	24.7	28.7	24.8	55.3	67.9	105.85	106.5	87.9	36.07	73.55	61.42	28.9	73.39	73.4	
MÁXIMA	104.7	141.4	198.61	209.92	276.67	327.8	336.8	334	274.44	231.5	146.49	143.2	2342.4	195.4	
MEDIA	70.6	73.3	103.9	129.5	173.7	216.7	235.1	216.6	177.2	136.5	95.4	70.4	1464.5	136.1	
DESV.ST	21.7	24.6	32.9	40.8	47.7	63	77.3	62.1	51.3	34.8	22.6	25.1	597.6	32.6	

TEMPERATURA MÁXIMA EXTREMA
AÑO	ENE	FEB	MAR	ABR	MAY	JUN	JUL	AGO	SEP	OCT	NOV	DIC	ACUM	PROM	MESES
1979											27	31.5	58.5	29.2	2
1980	25.5	27	23	32	31	38	40	40	38	42	33	28	397.5	33.1	12
1981	26	29	25	30	31	39	39	41	36	31	30	27	384	32	12
1982	25	25	25	26	31	35		39	39	31	28	25	329	29.9	11
1983	25	27	22	27	37	36	41	39	38	33	29	25	379	31.6	12
1984	40	25	28	33	40	36	37	39	39	31	30	21	399	33.2	12
1985	22	28	26	34	33	39	39	41	33	35	29	26	385	32.1	12
1986	28	31	30	30	35	40	38	39	37	30		27	365	33.2	11
1987	29	26	27	31	35	40	37	37	38	36	26	28	390	32.5	12
1988	25	26	33	32	35	35	37	38	39	36	33	28	397	33.1	12
1989					36		44					29	109	36.3	3
1991	27	29	26	31	34	35	39	39	40	37	31	23	391	32.6	12
1992	27	25	26	37	32	36	40	42	40	40	28	27	400	33.3	12
1993	23	24	28	31	34	39	37	41	41	36	29	25	388	32.3	12
1994	29	24	29	31	36	42	40	41	39	32	27	22	392	32.7	12
1995	26	28	26	29	34	37	44	42	39	35	30	28	398	33.2	12
1996	31	30	29	34	37	38	42	41	38	39	32	27	418	34.8	12
1997	32	26	33	31	38	38	42	45	40	35	34	22	416	34.7	12
1998	25	24	31	31	29	38	43	45	39	33	28	24	390	32.5	12
1999	27	28	28		33	40	38	40	35	37	31	25	362	32.9	11
2000	27	26	28	34	37	44	41	40	43	36	25	28	409	34.1	12
2001	30	26	27	25	38	32	38	46	42	45			349	34.9	10
2002	33	26	30	34	36	40	41	40	44	34	31		389	35.4	11
2003	29	30	29	28	41	38	40	40	40	38	28	26	407	33.9	12
2004	25	27	33	36	36	37	39	41	39	35	24	27	399	33.2	12
2005	25	18	28	30	37	38	43	41	37	33	31	26	387	32.2	12
2006	27	27	25	28	34	40	42	38	36	35	33	27	392	32.7	12
2007	26	29	37		36	42	45	40	39	33	29	18	374	34	11
2008	23	27	35	39	45	49	48	47	47	45	39		444	40.4	11
2009	31	33	32	44	46	47	47	46	43	36	34	24	463	38.6	12
2010	25	24	28	29	31	39	45		39	36	31	23	350	31.8	11
2011	19	18	24	29	29	39	42	44	42	39	35	27	387	32.2	12
2012	22	23	23	28	28	39	42	43	42	42			332	33.2	10
2013	25	25	31	25	38	39	40	38	38	30	32	25	386	32.2	12
2014	27	29	30		36	42	42	37	37	36	32	22	370	33.6	11
2015	27	28	32	33	35	42	38	42	39	38	30	28	412	34.3	12
2016	22	29	28	29	31	44	44	41	36	32	29	25	390	32.5	12
2017	21	27	29	33	37	45	45	47	38	41	38	32	433	36.1	12
2018	32	36	28	31	33	37	42	43	41	36	29	23	411	34.2	12
2019	21	18	24	30	27	38	41	47	40	32	27	23	368	30.7	12
2020	22	24	23	33	36	36	40	41	44	37	32	27	395	32.9	12
2021												28	28	28	1
MÍNIMA	19	18	22	25	27	32	37	37	33	30	24	18	28	28	
MÁXIMA	40	36	37	44	46	49	48	47	47	45	39	32	463	40.4	
MEDIA	26.4	26.5	28.2	31.3	35	39.2	41.1	41.3	39.3	35.8	30.4	25.7	367.2	33.2	
DESV.ST	4	3.6	3.5	3.8	4	3.4	2.8	2.8	2.7	3.8	3.2	2.8	89	2.1	

TEMPERATURA MÁXIMA PROMEDIO
AÑO	ENE	FEB	MAR	ABR	MAY	JUN	JUL	AGO	SEP	OCT	NOV	DIC	ACUM	PROM	MESES
1979											23.6	20.4	44	22	2
1980	17.9	18.3	16.6	20	20.4	30.2	36.1	33.2	32.1	30	25.8	22.1	302.7	25.2	12
1981	22.5	21.1	18.4	23.1	24.7	36.2	34.8	36	31.7	25.2	24.5	22.7	320.9	26.7	12
1982	16.4	18.4	16.8	21.1	24.4	25.7		33.9	28	27.2	18.1	16.3	246.3	22.4	11
1983	18.1	17.6	15.8	17.9	26.4	29	35	33.3	32.4	25	20.7	18.4	289.6	24.1	12
1984	20.6	19.1	22.7	21	31.2	30.1	33.1	33.9	33.1	22.9	19.7	13.6	301	25.1	12
1985	15	18.5	20	27.1	27.4	33.7	34.2	34.5	26.3	24.6	19.2	19.2	299.7	25	12
1986	22.8	18.3	21.4	23.9	27.5	33.7	32.6	36	26.9	25.8		18.9	287.8	26.2	11
1987	17.9	18.1	18.8	25.3	25.8	32.1	32.2	33	33.6	27	20.5	16.4	300.7	25.1	12
1988	18.8	21.5	22.4	22.7	27.4	31.1	34.6	34.5	32.2	31	21.7	16.8	314.7	26.2	12
1989					27.7		35.8					22.7	86.2	28.7	3
1991	18.1	24.4	16.8	22.9	25.6	30.1	32.8	33.2	32.6	30.5	24.7	17.9	309.6	25.8	12
1992	18.9	19.6	18.7	26.3	27.5	31.1	36.1	36.9	35.7	29.4	21.5	18.3	320	26.7	12
1993	17	16.7	22.9	25.8	29.3	32.8	32.5	34.9	32.8	28.3	22.3	19.8	315.1	26.3	12
1994	22.1	18	22.2	23.8	26	34	36.1	36.3	34.4	25.9	20.2	18.2	317.2	26.4	12
1995	17.3	21.2	20.4	22.2	23.3	30.2	36.2	38.6	34.9	30.1	26.7	20.6	321.7	26.8	12
1996	22	20.6	21.5	27.8	29.2	33.6	37.7	37.6	30.6	28	25.2	21.6	335.4	28	12
1997	18.6	18.3	25.9	23.3	31.5	32	35	37	35.4	26.4	23.9	15.5	322.8	26.9	12
1998	17.6	16	19.9	19.6	22.1	28.7	37.4	37.7	31.6	27.1	21.6	16.7	296	24.7	12
1999	19.3	20.3	20.7		26.7	31.6	34.5	35.3	31	31.7	25.7	20.3	297.1	27	11
2000	21.5	19.6	18.4	26.5	28.1	34.5	35.5	34.6	35	24.5	18.5	20.6	317.3	26.4	12
2001	16	15.4	19	16.2	25.2	26.3	29	36.6	35.3	33.8			252.8	25.3	10
2002	19.7	23.3	23.1	24.6	25.3	34.6	37	35.1	34.5	24.6	24.8		306.6	27.9	11
2003	22.1	18.5	20.9	21.4	27.6	30.8	35.6	35.6	34.8	32.5	20	19.7	319.5	26.6	12
2004	18.5	17.1	26	25	28.5	30.9	35.7	34.7	32.2	24.4	18.9	20.2	312.1	26	12
2005	17.1	15.7	20.5	22.9	28.3	31.5	36.7	34.4	32.8	26.3	24.8	21.1	312.1	26	12
2006	20.9	21.2	16.7	20.4	28.8	34.1	35.8	33.5	32.3	26.3	25.8	19.4	315.2	26.3	12
2007	16.4	19.8	25.1		29	33.8	36.8	32.6	26.9	28.9	25	12.5	286.8	26.1	11
2008	17	18.5	25.7	28.9	28.7	42.3	43.9	43.3	41.6	38.8	31.3		360	32.7	11
2009	21.4	17	21.4	26.4	35.5	33.1	40.9	41.2	34.1	29.8	25	14.8	340.6	28.4	12
2010	18	16.4	20.6	22.9	25.8	34.1	38.7		29.3	23.6	17.9	16.3	263.6	24	11
2011	14.1	13.2	15.8	20.7	21.2	30.5	34.5	37.4	35.3	33.4	22.5	14.4	293	24.4	12
2012	18.6	16.6	17.5	19.6	22	27.8	33.2	36.1	33.6	28.6			253.6	25.4	10
2013	15.9	15.4	22.4	20.2	25	31.3	33.1	32.2	31.3	20.9	19	16.4	283.1	23.6	12
2014	19.6	21	20.8		27.1	31.2	35.4	32.8	31.9	27.9	23.9	17.6	289.2	26.3	11
2015	20.9	21.8	24.7	25	23.1	33.4	32.7	36.7	33.1	28.2	23.5	17.8	320.9	26.7	12
2016	16.3	23.1	20.9	21.6	22.3	35.5	36.6	34.8	25.9	26.4	22.5	18.9	304.8	25.4	12
2017	14.8	16.9	21.3	23.3	25.1	33.5	38.7	38.8	31.8	29.4	28.4	25.7	327.7	27.3	12
2018	21.2	18.8	18.8	24.1	24.2	31.7	36.3	33.9	32.7	24.6	20.8	16.3	303.4	25.3	12
2019	15.9	11.9	17.7	22.5	19.8	29.9	34.8	36.4	31.3	27.4	22.5	15.2	285.3	23.8	12
2020	17.6	18.3	15	20.6	28.4	29.5	35	37.3	35.1	29.4	22.6	19.2	308	25.7	12
2021												20.9	20.9	20.9	1
MÍNIMA	14.1	11.9	15	16.2	19.8	25.7	29	32.2	25.9	20.9	17.9	12.5	20.9	20.9	
MÁXIMA	22.8	24.4	26	28.9	35.5	42.3	43.9	43.3	41.6	38.8	31.3	25.7	360	32.7	
MEDIA	18.6	18.6	20.4	23	26.3	32	35.5	35.6	32.5	27.8	22.8	18.5	285.8	25.9	
DESV.ST	2.3	2.6	2.9	2.8	3.2	2.9	2.5	2.3	3	3.4	3	2.8	70.2	1.9	

TEMPERATURA MÍNIMA EXTREMA
AÑO	ENE	FEB	MAR	ABR	MAY	JUN	JUL	AGO	SEP	OCT	NOV	DIC	ACUM	PROM	MESES
1979											-4	-5.5	-9.5	-4.8	2
1980	0	0	2	1	2	3	9	8	9	2	-2	1	35	2.9	12
1981	0	0	2	2	4	9	11	11	6	2	1	-3	45	3.8	12
1982	-6	1	-1	1	3	2		11	4	3	1	-1	18	1.6	11
1983	-2	0	2	-1	1	3	7	12	11	5	0	0	38	3.2	12
1984	0	0	1	1	3	7	13	12	11	1	0	0	49	4.1	12
1985	0	0	0	4	5	6	10	9	6	6	1	0	47	3.9	12
1986	0	0	1	3	3	1	10	14	5	3		-1	39	3.5	11
1987	-5	-2	0	4	6	8	9	8	1	6	0	-4	31	2.6	12
1988	-1	-1	-6	1	3	4	10	9	4	6	-2	-3	24	2	12
1989					4		9					-1	12	4	3
1991	-2	1	1	2	3	6	8	8	6	2	-4	-4	27	2.2	12
1992	-3	1	2	4	6	6	9	6	4	4	1	-7	33	2.8	12
1993	-3	0	0	3	5	4	8	5	7	3	1	-1	32	2.7	12
1994	-1	0	3	2	2	7	8	12	6	4	-2	-4	37	3.1	12
1995	-1	1	0	1	4	5	9	12	9	4	3	0	47	3.9	12
1996	-1	1	1	2	5	4	13	8	8	-2	-2	-3	34	2.8	12
1997	-4	-3	-2	-1	3	4	2	8	10	0	-1	-3	13	1.1	12
1998	-4	-2	-2	-2	1	3	7	10	4	1	-4	-7	5	0.4	12
1999	-4	-5	-4		1	3	10	6	3	3	-4	-5	4	0.4	11
2000	-4	-4	-3	0	2	6	6	9	7	2	-4	-3	14	1.2	12
2001	-3	-3	0	-6	4	4	4	5	5	3			13	1.3	10
2002	-6	-6	-5	-1.5	2	8	10	10	10	4	2		27.5	2.5	11
2003	0	0	1	-1	1	6	11	14	10	5	-1	-3	43	3.6	12
2004	-3	-1	2	3	5	6	7	9	5	2	-3	-4	28	2.3	12
2005	-2	0	-2	-2	-2	6	11	9	5	4	-2	-2	23	1.9	12
2006	-4	-4	-2	2	6	9	16	10	7	3	-3	-3	37	3.1	12
2007	-7	-2	0		4	3	13	12	10	10	10	-1	52	4.7	11
2008	-2	-2	1	2	6	7	14	12	11	8	7		64	5.8	11
2009	-2	-2	-1	2	5	5	10	12	11	4	-2	-2	40	3.3	12
2010	-1	0	0	2	1	7	9		7	3	-4	-3	21	1.9	11
2011	-3	-4	-2	-2	-2	6	8	10	9	8	0	-6	22	1.8	12
2012	2	-2	2	-2	5	7	13	13	12	2			52	5.2	10
2013	-6	-4	-4	3	4	8	12	8	7	-1	1	-4	24	2	12
2014	3	-3	3	3	6	13	12	14	12	10	3	-4	72	6	12
2015	-5	3	1	5	5	6	12	12	12	10	4	-4	61	5.1	12
2016	-3	-5	-4	-2	1	7	15	8	5	7	-6	-5	18	1.5	12
2017	-4	-4	-2	-1	3	5	13	12	5	2	2	0	31	2.6	12
2018	-6	-7	-4	-3	0	4	7	10	4	5	2	-4	8	0.7	12
2019	-6	-6	-5	-2	1	4	1	9	2	-2	-3	-5	-12	-1	12
2020	-4	-7	-4	-3	-6	2	5	8	7	-1	-4	-6	-13	-1.1	12
2021												-4	-4	-4	1
MÍNIMA	-7	-7	-6	-6	-6	1	1	5	1	-2	-6	-7	-13	-4.8	
MÁXIMA	3	3	3	5	6	13	16	14	12	10	10	1	72	6	
MEDIA	-2.6	-1.8	-0.7	0.6	2.9	5.5	9.5	9.9	7.1	3.6	-0.5	-3	28.1	2.3	
DESV.ST	2.4	2.5	2.5	2.5	2.5	2.3	3.3	2.4	3	3	3.3	2.1	19.9	2.2	

TEMPERATURA MÍNIMA PROMEDIO
AÑO	ENE	FEB	MAR	ABR	MAY	JUN	JUL	AGO	SEP	OCT	NOV	DIC	ACUM	PROM	MESES
1979											2.3	1.3	3.6	1.8	2
1980	4.6	5.9	4.5	6	7.3	9.7	16.3	14.6	12.5	8.1	3.4	3.9	96.8	8.1	12
1981	4.2	3.9	3.9	4.7	6.8	13.1	14.7	16.3	12	6.1	4.6	2.8	93.1	7.8	12
1982	2.2	5	4.3	4.8	7.4	8		16.7	12	6.5	4.6	2.2	73.7	6.7	11
1983	2.8	3.1	4.9	3	5.9	8.7	12.4	17	16	9.5	4.7	3.9	91.9	7.7	12
1984	2.9	2.6	4.6	5.2	9.9	11.8	17.7	16.5	15.8	6.5	3.2	3.5	100.2	8.3	12
1985	2.7	2.6	2.9	6.6	7.4	11.5	14.7	13.6	10.8	9.3	4	2.7	88.8	7.4	12
1986	3.6	4	6.2	5.9	7.9	11.2	14.3	17	9.5	7		2.3	88.9	8.1	11
1987	1.9	2.6	3.3	7.1	9.1	10.9	11.8	13.4	11.5	11.2	4.9	2	89.7	7.5	12
1988	1.7	3.8	2.9	6	8	10.3	15	13.6	9.9	9	4	1.6	85.8	7.2	12
1989					7.7		14.2					2.1	24	8	3
1991	2.2	4.3	3.2	4.5	5.7	8.8	12.7	12.5	13	10.6	4.8	3.5	85.8	7.2	12
1992	1.4	3.9	4.5	5.8	8.8	10.1	13.6	16.1	8.7	8.1	2.6	0.4	84	7	12
1993	3.6	3	4.5	5.1	8.8	10	11.3	12.1	11.3	8.1	4.5	1.7	84	7	12
1994	3.9	2.8	5	4.9	6.9	11.6	12.2	15.2	10.9	6.1	1.8	1.7	83	6.9	12
1995	2.9	5.1	4.3	3.7	6.3	8.6	13.3	16.2	14.7	7	5.9	3	91	7.6	12
1996	2.7	4.6	4.2	5.1	7.3	9.7	15.5	13.9	11.1	5	2.2	0.4	81.7	6.8	12
1997	1.4	-0.6	1.3	3	7.4	8.5	10	13.5	13.5	5.6	3.7	-0.2	67.1	5.6	12
1998	-0.3	0.7	3	2.7	4.5	6	13	15	10.8	4	0.5	-2.5	57.4	4.8	12
1999	-0.8	-0.5	-0.1		4.4	8.4	13.1	11.9	6.2	7	2	-1.2	50.4	4.6	11
2000	0.4	0	1.7	3.7	6.5	10.5	11.4	13.3	12.1	6.2	0.1	1.2	67.1	5.6	12
2001	0.3	0.7	3.4	3.8	6.9	8.5	5.9	8.1	8.4	8			54	5.4	10
2002	-0.4	-2.4	-0.1	3.9	13.3	11.7	15.6	13.4	14.4	7.1	4.9		81.4	7.4	11
2003	2.2	3.2	4	3	7.4	9	16	16.9	13.2	9.6	4.2	0.7	89.4	7.4	12
2004	1.3	1.8	5.8	5.6	7.5	8.2	12.2	11.2	8.4	5.2	0.9	0.2	68.3	5.7	12
2005	1.1	2.8	1.2	2.5	6.1	10	13.4	12.2	8	5.5	3.6	0.7	67.1	5.6	12
2006	0.3	1.5	2.2	3.8	8.5	13.1	18.2	14.4	12.1	6.3	3.8	0.8	85	7.1	12
2007	0.5	3.5	4.9		7.5	10.3	14.9	15.9	13.2	13.6	12.4	3.3	100	9.1	11
2008	3.3	4.6	7.5	8.6	9.3	15.3	17.6	18	17.3	13.4	10		124.9	11.4	11
2009	3	2.6	3.6	6.2	10.9	10.4	17.4	16.5	13.8	9.8	5	1.2	100.4	8.4	12
2010	2.3	2	3.6	6	6.7	12.5	16.9		12.1	7.7	4.4	4.2	78.4	7.1	11
2011	4.8	2.8	5.5	6.6	7.4	11.6	15.3	16.5	14.4	12.1	7.5	1.8	106.3	8.9	12
2012	4.7	3.5	4	5	8	13.1	18.3	18.5	15.8	9.1			100	10	10
2013	2.1	2.3	3.2	6.2	8.9	14	15.4	14.8	14.2	6.3	4.3	2.8	94.5	7.9	12
2014	5.6	5.6	6.8	7.9	11.4	15.2	17.2	17.3	16.2	12.9	9.3	3.8	129.2	10.8	12
2015	4.4	7.1	8.2	8.7	8.5	14.8	16.3	17.8	15.5	13.7	8.8	3.8	127.6	10.6	12
2016	4.3	2.4	3.1	4.4	5.6	15.5	18.2	13.8	10.2	10.4	6.9	3.2	98	8.2	12
2017	1	1.6	6.3	7.8	8.7	12.5	16.5	16.4	12.2	8.7	7.5	4	103.2	8.6	12
2018	2.1	0.3	1.3	2.9	4.1	9.2	15.3	15	12.8	7.9	5.6	2	78.5	6.5	12
2019	-0.1	-1.3	-0.6	3.3	4.3	7.7	11.3	12.9	9.6	4.6	3	0.3	55	4.6	12
2020	-1.6	0.1	0	3.3	5.5	7.3	10.2	14.6	11.7	7.1	2.3	-1.2	59.3	4.9	12
2021												0	0	0	1
MÍNIMA	-1.6	-2.4	-0.6	2.5	4.1	6	5.9	8.1	6.2	4	0.1	-2.5	0	0	
MÁXIMA	5.6	7.1	8.2	8.7	13.3	15.5	18.3	18.5	17.3	13.7	12.4	4.2	129.2	11.4	
MEDIA	2.2	2.6	3.7	5.1	7.5	10.7	14.3	14.8	12.2	8.2	4.5	1.8	80.7	7.1	
DESV.ST	1.7	2.1	2.1	1.7	1.9	2.4	2.7	2.2	2.6	2.6	2.6	1.6	27.2	2.1	

TEMPERATURA MEDIA MENSUAL
AÑO	ENE	FEB	MAR	ABR	MAY	JUN	JUL	AGO	SEP	OCT	NOV	DIC	ACUM	PROM	MESES
1979											12.9	10.9	23.8	11.9	2
1980	11.2	12.1	10.5	13	13.9	19.9	26.2	23.9	22.3	19	14.6	13	199.6	16.6	12
1981	13.4	12.5	11.1	13.9	15.7	24.6	24.7	26.1	21.9	15.7	14.6	12.7	206.9	17.2	12
1982	9.3	11.7	10.6	13	15.9	16.8		25.3	20	16.8	11.4	9.3	160.1	14.6	11
1983	10.5	10.3	10.4	10.5	16.1	18.8	23.7	25.1	24.2	17.2	12.7	11.2	190.7	15.9	12
1984	11.8	10.9	13.6	13.1	20.6	21	25.4	25.2	24.4	14.7	11.4	8.5	200.6	16.7	12
1985	8.8	10.5	11.4	16.8	17.4	22.6	24.5	24	18.5	16.9	11.6	10.9	193.9	16.2	12
1986	13.2	11.2	13.8	14.9	17.7	22.5	23.5	26.5	18.2	16.4		10.6	188.5	17.1	11
1987	9.9	10.3	11	16.2	17.4	21.5	22	23.2	22.5	19.1	12.7	9.2	195	16.2	12
1988	10.2	12.6	12.6	14.4	17.7	20.7	24.8	24	21.1	20	12.8	9.2	200.1	16.7	12
1989					17.7		25					12.4	55.1	18.4	3
1991	10.1	14.3	10	13.7	15.6	19.4	22.7	22.8	22.8	20.5	14.8	10.7	197.4	16.4	12
1992	10.1	11.7	11.6	16.1	18.1	20.6	24.9	26.5	22.2	18.7	12.1	9.3	201.9	16.8	12
1993	10.3	9.8	13.7	15.5	19	21.4	21.9	23.5	22	18.2	13.4	10.7	199.4	16.6	12
1994	13	10.4	13.6	14.3	16.4	22.8	24.2	25.7	22.7	16	11	10	200.1	16.7	12
1995	10.1	13.1	12.3	12.9	14.8	19.4	24.8	27.4	24.8	18.5	16.3	11.8	206.2	17.2	12
1996	12.3	12.6	12.9	16.4	18.2	21.6	26.6	25.7	20.9	16.5	13.7	11	208.4	17.4	12
1997	10	8.8	13.6	13.2	19.4	20.2	22.5	25.2	24.5	16	13.8	7.6	194.8	16.2	12
1998	8.6	8.3	11.4	11.2	13.3	17.4	25.2	26.4	21.2	15.5	11.1	7.1	176.7	14.7	12
1999	9.2	9.9	10.2		15.6	20	23.8	23.6	18.6	19.4	13.8	9.5	173.6	15.8	11
2000	10.9	9.8	10	15.1	17.3	22.5	23.5	24	23.5	15.4	9.3	10.9	192.2	16	12
2001	8.1	8	11.2	10	16	17.4	17.4	22.3	21.9	20.9			153.2	15.3	10
2002	9.6	10.4	11.4	14.2	19.3	23.1	26.3	24.2	24.4	15.9	14.8		193.6	17.6	11
2003	12.1	10.8	12.4	12.2	17.5	19.9	25.8	26.2	24	21	12.1	10.2	204.2	17	12
2004	9.9	9.5	15.9	15.3	18	19.6	24	23	20.3	14.8	9.9	10.2	190.4	15.9	12
2005	9.1	9.2	10.8	12.7	17.2	20.8	25	23.3	20.4	15.9	14.2	10.9	189.5	15.8	12
2006	10.6	11.3	9.4	12.1	18.7	23.6	27	23.9	22.2	16.3	14.8	10.1	200	16.7	12
2007	8.5	11.6	15		18.3	22.1	25.8	24.2	20.1	21.3	18.7	7.9	193.5	17.6	11
2008	10.2	11.5	16.6	18.7	19	28.8	30.7	30.6	29.4	26.1	20.6		242.2	22	11
2009	12.2	9.8	12.5	16.3	23.2	21.7	29.1	28.9	23.9	19.8	15	8	220.4	18.4	12
2010	10.1	9.2	12.1	14.5	16.2	23.3	27.8		20.7	15.7	11.2	10.3	171.1	15.6	11
2011	9.5	8	10.6	13.6	14.3	21.1	24.9	26.9	24.9	22.7	15	8.1	199.6	16.6	12
2012	11.7	10	10.7	12.3	15	20.5	25.8	27.3	24.7	18.9			176.9	17.7	10
2013	9	8.9	12.8	13.2	17	22.6	24.3	23.5	22.8	13.6	11.7	9.6	189	15.8	12
2014	12.6	13.3	13.8		19.3	23.2	26.3	25	24.1	20.4	16.6	10.7	205.3	18.7	11
2015	12.6	14.4	16.5	16.8	15.8	24.1	24.5	27.2	24.3	20.9	16.1	10.8	224	18.7	12
2016	10.3	12.8	12	13	14	25.5	27.4	24.3	18	18.4	14.7	11	201.4	16.8	12
2017	7.9	9.3	13.8	15.6	16.9	23	27.6	27.6	22	19.1	17.9	14.9	215.6	18	12
2018	11.7	9.5	10.1	13.5	14.1	20.4	25.8	24.4	22.7	16.2	13.2	9.2	190.8	15.9	12
2019	7.8	5.3	8.5	12.9	12.1	18.8	23.1	24.6	20.4	16	12.8	7.8	170.1	14.2	12
2020	7.9	9.2	7.5	12	17	18.4	22.6	25.9	23.4	18.2	12.5	9	183.6	15.3	12
2021												10.4	10.4	10.4	1
MÍNIMA	7.8	5.3	7.5	10	12.1	16.8	17.4	22.3	18	13.6	9.3	7.1	10.4	10.4	
MÁXIMA	13.4	14.4	16.6	18.7	23.2	28.8	30.7	30.6	29.4	26.1	20.6	14.9	242.2	22	
MEDIA	10.4	10.6	12	14	16.9	21.3	24.9	25.2	22.3	18	13.7	10.1	183.1	16.5	
DESV.ST	1.6	1.9	2	1.9	2.1	2.4	2.2	1.8	2.3	2.6	2.4	1.6	46.2	1.8	
