 COMISIÓN NACIONAL DEL AGUA
 COORDINACIÓN GENERAL DEL SERVICIO METEOROLÓGICO NACIONAL
 PROYECTO DE BASES DE DATOS CLIMATOLÓGICOS

 ESTACIÓN  : 22063 
 NOMBRE    : QUERETARO (DGE) 



LLUVIA MÁXIMA 24H
AÑO	ENE	FEB	MAR	ABR	MAY	JUN	JUL	AGO	SEP	OCT	NOV	DIC	ACUM	PROM	MESES
1982						41.3	17.2	14.7	13	31.7		7.9	125.8	21	6
1983	7.5	5.6	15.4	0	11.6	13							53.1	8.8	6
1984	7.4	6.5	0	0	5.2	10.2	60.3	24	18.5	12	2.3	19.2	165.6	13.8	12
1985	3.2	0.2	0	34.9	27.4	88.9	35.8	26.4	14.7	37.5	4.2	8	281.2	23.4	12
1988							43.3					0	43.3	21.6	2
1989	1.2	11.2	0	2.1	32.5	46.2	17.4	40.8	0	2	3	8	164.4	13.7	12
1990	0	11.3	3.2	0	26	25	33	24.4	18.8	34.6	9	1.6	186.9	15.6	12
1991	7.5	4.2	0	1	3	47.3	55.8	6.8	46.5	4.2	3.1	7.2	186.6	15.5	12
1992	20.2	8.6	3.8	4.8	11.1	34	47.5	41.9	39	24.4	8	0	243.3	20.3	12
1993	2.9	1.2	6.8	9.9	4.8	40	30	5.8	13.4	7.7	22.3	0	144.8	12.1	12
1994	7.1	0	6.7	16.2	20	17.1	17.9	21.5	30.7	17.8	0	0	155	12.9	12
1995	2.9	1.3	0	8	60	30	10.9	31.8	30.7	18.7	8	22.1	224.4	18.7	12
1996	0	0	0	0	11.5								11.5	2.3	5
2002	19.6	16.5	0	29	10.5	21.2	62.9	80	26	38.6	12.4	0	316.7	26.4	12
2003	5.5												5.5	5.5	1
2005	4	6.2	6	3	1.5	0.1							20.8	3.5	6
2006	16.5	2	9	9.4	29.4	10.6							76.9	12.8	6
2007	4.2	13	0.8	3.4	14.3	35	50.5	28.6	30.6	32	14.2	0.7	227.3	18.9	12
2008	0	0	0.3	13.5	18.3	30	28.6	31.3	50.3	1.2	0	0	173.5	14.5	12
2009	6.7	0	3.8	3.8	8	8.1	18.5	7.7	85.9	10	0.9	13	166.4	13.9	12
2010	22.7	47.4	0.4	5.3	1.2	12.3	62	23.7	17.6	0	0	0	192.6	16	12
2011	0.7	0	0	0.2	3.6	69.5	24.5	16.8	36	5.9	0	0	157.2	13.1	12
2012	7.7	14.8	0.8	0.5	4.6	45	46.5	43.3	31	3.5	14.9		212.6	19.3	11
2013	3	0		0.5	41	24.8		14	47.5	17.9	17	14.2	179.9	18	10
2014	0					47.7	34.4	67.5	66.1	53.6	3.8	0.3	273.4	34.2	8
2015	0.1	11.1	94.7	21.5	26.6	58	24.3	19.8	41.2	27.6	26.5	3.3	354.7	29.6	12
2016	4	0	16.6	14.3	38.7	15.9	67.1	39.3	9.9	4.1	8	0	217.9	18.2	12
2017	0	1.3	9.6	0.3	88	19.3	25.2	41.3	74.2	1.5	0	0	260.7	21.7	12
2018	11	33	0	2.8	38	36	17.3	18.8	39.5	15	15.9	0	227.3	18.9	12
2019	0	0	15	0.4	16.6	76.9	51	19.8	32.9	44.3	0.9	13	270.8	22.6	12
2020										0			0	0	1
2023										0			0	0	1
MÍNIMA	0	0	0	0	1.2	0.1	10.9	5.8	0	0	0	0	0	0	
MÁXIMA	22.7	47.4	94.7	34.9	88	88.9	67.1	80	85.9	53.6	26.5	22.1	354.7	34.2	
MEDIA	5.9	7.5	7.7	7.1	21.3	33.5	36.7	28.8	33.9	17.1	7.6	4.9	166.3	15.8	
DESV.ST	6.6	11.2	18.9	9.4	20.1	21.9	17.3	17.9	20.7	15.8	7.8	6.8	96.8	7.9	

LLUVIA TOTAL MENSUAL
AÑO	ENE	FEB	MAR	ABR	MAY	JUN	JUL	AGO	SEP	OCT	NOV	DIC	ACUM	PROM	MESES
1982						41.3	60.8	36.2	20.21	75.2		26.3	260.01	43.3	6
1983	15.7	5.6	16.9	0	16.9	29.3							84.4	14.1	6
1984	23.4	18.4	0	0	13.8	44.6	181.1	69.2	73.5	16.3	2.3	19.2	461.8	38.5	12
1985	3.2	0.2	0	70.3	100.9	222.9	139.9	69.3	33.3	42.1	8.5	8.2	698.8	58.2	12
1988							154.1					0	154.1	77	2
1989	1.2	13.6	0	2.1	41	84.2	59.5	125.6	0	2	3.5	21	353.7	29.5	12
1990	0	16.3	5.4	0	61.4	31.1	180.7	76.6	56.5	81.4	14.6	1.6	525.6	43.8	12
1991	7.5	4.8	0	1	7.5	193.5	254.9	12.1	121.5	11.6	4.3	14.9	633.6	52.8	12
1992	93.8	22.3	6.8	11.4	54.5	92.4	160.5	130.2	139.1	85.2	10.2	0	806.4	67.2	12
1993	5.7	1.2	6.8	12.1	11.3	151	143.6	18.5	59.1	10.2	28.5	0	448	37.3	12
1994	9.7	0	6.7	36.6	37.5	85.3	54.6	99.8	97.7	31.1	0	0	459	38.2	12
1995	5.9	1.3	0	10.2	115	108.3	26	162.8	107.9	25.7	13	32.3	608.4	50.7	12
1996	0	0	0	0	32.6								32.6	6.5	5
2002	24.7	22.1	0	38.8	21.1	60.7	154.4	133.4	62.8	63.9	14.2	0	596.1	49.7	12
2003	7.6												7.6	7.6	1
2005	4.31	10.12	14.02	3.01	3.42	0.15							35.03	5.8	6
2006	26.22	2.01	11.55	20.74	107.34	20.32							188.18	31.4	6
2007	7.81	20	1.12	6.43	30.35	125.04	225.41	94.11	95.12	40.01	14.22	0.71	660.33	55	12
2008	0.03	0.01	0.3	13.51	19.63	91.63	112.42	199.41	98.36	2.53	0	0	537.83	44.8	12
2009	6.92	0	3.82	3.82	20.04	43.01	68.74	14.82	220.83	33.94	0.91	21.2	438.05	36.5	12
2010	61	160.92	0.4	9.01	2.93	19.44	181.64	57.31	64.45	0.01	0	0	557.11	46.4	12
2011	0.71	0.01	0	0.21	9.46	107.14	53.54	47.59	71.82	20.3	0.02	0	310.8	25.9	12
2012	14.22	73.42	1.3	0.52	14.61	113.34	172.53	102.15	76.22	3.7	28.1		600.11	54.6	11
2013	3.14	0		0.7	64.9	62.04		42.01	172.31	30.42	25.35	24.51	425.38	42.5	10
2014	0.03					177.4	96.21	172.83	89.96	79.21	4.33	0.33	620.3	77.5	8
2015	0.13	17.22	119.12	40.12	57.4	172.72	85.12	61.72	98.93	49.93	26.62	6.91	735.94	61.3	12
2016	6.51	0.02	37.6	20.81	77.62	102.11	206.12	269.7	35.02	5.82	16.3	0	777.63	64.8	12
2017	0	1.3	20.2	0.63	150.74	52.52	104.54	119.14	274.82	5.35	0	0	729.24	60.8	12
2018	13.02	77	0	5.51	61.23	266	41.05	68.04	147.83	25.64	49.5	0	754.82	62.9	12
2019	0	0	17.4	0.4	25.71	228.61	99.33	89.81	57	90.41	1.42	13.7	623.79	52	12
2020										0			0	0	1
2023										0			0	0	1
MÍNIMA	0	0	0	0	2.93	0.15	26	12.1	0	0	0	0	0	0	
MÁXIMA	93.8	160.92	119.12	70.3	150.74	266	254.9	269.7	274.82	90.41	49.5	32.3	806.4	77.5	
MEDIA	12.2	18	10.8	11.8	44.6	101	125.7	94.7	94.8	32	11.6	8	441.4	41.8	
DESV.ST	20.4	35.5	24.3	17.2	39	70.9	62.9	62.2	62.3	30.1	12.8	10.6	259	21.6	

EVAPORACIÓN MENSUAL
AÑO	ENE	FEB	MAR	ABR	MAY	JUN	JUL	AGO	SEP	OCT	NOV	DIC	ACUM	PROM	MESES
1984	104.5	140.9	213.4	244.1	207.3	170.9							1081.1	180.2	6
1988							241.35					156.43	397.78	198.9	2
1989	170.91	166.43	270.75	282.78		19.42	265.83	195.15					1371.27	195.9	7
1990					175.44	208.94	189.96	118.06	125.32	143.19	20.99		981.9	140.3	7
1991	134.46	167.41	257.36	313.03	112.35		127.58	115.7	84.27	8.97		15.03	1336.16	133.6	10
1992	4.8	128.98	152.1						57.29	88.84	32.69	155.81	620.51	88.6	7
1993	67.19	72.23	145.56	178.84	120.91	33.62	185.27	219.34	168.87	97.59	68.48	26.59	1384.49	115.4	12
1994	34.28	81.55	74.47	59.19	26.35	63.51	96.99	107.22	145.84	57.05			746.45	74.6	10
1996					6.3								6.3	6.3	1
2002	125.53	130.34	222.36	79.02	238.66	216.62	156.75	205.76	130.26	92.63	103.83	114.75	1816.51	151.4	12
2003	124.37												124.37	124.4	1
2005	128.49	137.94	199.21	237.57	251.01	235.33							1189.55	198.3	6
2006	144.14	156.58	223.68	237.04	228.21	210.35							1200	200	6
2007	113.61	142.69	193.2	236.97	227.04	190.53	191.97	189.07	160.79	157.44	135.11	117.73	2056.15	171.3	12
2008	136.12	170.95	211.4	240.24	229.32	190.73	164.13	172.37	143.78	151.81	123.61	124.03	2058.49	171.5	12
2009	136.39	158.21	210.22	227.23	227.97	177.03	213.21	206.28	146.02	128.6	126.03	100.44	2057.63	171.5	12
2010	106.52	106.45	189.89	203.35	242.82	225.76	153.17	181.25	144.65	171.9	141.51	140.85	2008.12	167.3	12
2011	139.54	151.26	217.86	246.81	254.01	206.84	165.06	186.51	172.35	168.29	137.82	120.07	2166.42	180.5	12
2012	121.58	109.57	203.48	229.21	241.33	207.4	180.49	164.25	159.73	172.9	119.87		1909.81	173.6	11
2013	115.45	162.65		240.54	234.6	206.65		178.69	128.14	143.19	115.21	98.93	1624.05	162.4	10
2014	115.01					180.52	180.49	192.88	151.27	147.15	110.48	93.68	1171.48	146.4	8
2015	116.03	132.83	156.35	199.95	186.64	162.35	150.88	173.63	157.52	122.46	72.62	81.02	1712.28	142.7	12
2016	75.71	134.53	153.11	194.68	206.14	170.96	162.13	158.28	126.2	126.49	95.39	96.26	1699.88	141.7	12
2017	103.17	121	154.5	203.07	210.54	184.73	166.51	188.21	121.15	120.24	126.17	98.52	1797.81	149.8	12
2018	108.19	116.19	195.96	205.56	206.18	197.52	166.72	147.17	141.47	124.23	98.12	95.73	1803.04	150.3	12
2019	113.17	148.63	193.26	215.02	224.57	165.9	148.84	156.52	141.35	136.5	109.46	96.24	1849.46	154.1	12
2020										7.57			7.57	7.6	1
MÍNIMA	4.8	72.23	74.47	59.19	6.3	19.42	96.99	107.22	57.29	7.57	20.99	15.03	6.3	6.3	
MÁXIMA	170.91	170.95	270.75	313.03	254.01	235.33	265.83	219.34	172.35	172.9	141.51	156.43	2166.42	200	
MEDIA	110.4	135.1	191.9	213.7	193.2	172.6	174.1	171.4	137.2	118.4	102.2	101.9	1339.9	144.4	
DESV.ST	36.1	26.9	43.6	58.1	69.7	59.7	37.8	31.4	27.9	47.9	35	37.5	659.7	50.2	

TEMPERATURA MÁXIMA EXTREMA
AÑO	ENE	FEB	MAR	ABR	MAY	JUN	JUL	AGO	SEP	OCT	NOV	DIC	ACUM	PROM	MESES
1982						35.5	30.5		30.5	30.2		25	151.7	30.3	5
1983	27	26.8	30.4	37	36.8	34							192	32	6
1984	26	27.7	31.7	34.4	34.2	31.3	29.4	29	28	30.6	29.4	26.2	357.9	29.8	12
1985	26.2	29.4	30.7	34	35.6	31.8	28	29.6	29.6	29.4	28.9	27	360.2	30	12
1988							30					26.4	56.4	28.2	2
1989	27.4	27.5	29.9	31.4	34.2	34.6	32.5	28.8	28	30.6	29	25.4	359.3	29.9	12
1990	27	27.4	30.6	32.4	35.4	31.7	29	28.3	28.5	29.4	27.6	27.2	354.5	29.5	12
1991	26.8	28.2	33.4	33.7	34.3	33.5	28.4	29.1	29.1	28.4	26.7	26.1	357.7	29.8	12
1992	24.2	26.6	29.7	30.5	30.6	32.6	30.1	28.2	29.4	27.2	26.8	27.4	343.3	28.6	12
1993	28.9	28.8	29.4	31.3	32.7	35	32.3	30.7	29.5	30.1	28.2	27.1	364	30.3	12
1994	35.2	28.4	32.8	31.9	35	32	30.4	29.2	28.1	28.7	28	27.8	367.5	30.6	12
1995	27.2	29.2	33.3	32.5	35.5	33.8	31	31.3	29	29.7	29.6	28.6	370.7	30.9	12
1996	28.4	30	29.8	32.4	35.2								155.8	31.2	5
2002	28	29	32	34	35	33	30	30	30	32	28	28	369	30.8	12
2003	26												26	26	1
2005	27	30	30.5	33.3	34	36.2							191	31.8	6
2006	27.2	30.6	33.2	34.8	34.6	32.6							193	32.2	6
2007	28	30.2	31.4	33.2	33.6	35.3	31	30.8	31	30.2	28.2	28.8	371.7	31	12
2008	29	30.6	31.2	35.2	35.8	33.4	30.2	29.6	30.4	28.6	27.2	27	368.2	30.7	12
2009	28.6	33	32	34.2	35.6	35.6	32.4	34.2	29.7	32.4	27.2	28.2	383.1	31.9	12
2010	27.1	26.6	30	32.6	36.5	34.7	30.6	32.4	31	30.7	29.7	26.6	368.5	30.7	12
2011	28.3	30.3	32.5	36.2	36.8	34	31	31.8	31.6	30.1	29.7	29.1	381.4	31.8	12
2012	28.8	30.5	31.5	34.4	36.4	34.1	30.6	31.4	31.5	30.8	27.4		347.4	31.6	11
2013	27.2	30.5		34.2	34.8	35		31.4	29.9	29.7	29.4	28.6	310.7	31.1	10
2014	27.9					33.7	31.6	31.5	30.7	29.8	28.4	28.5	242.1	30.3	8
2015	28	30.2	30.5	31.8	33	32.9	31.6	31.5	31.2	30.8	28.9	27.6	368	30.7	12
2016	27.4	29.5	31	33.4	35.4	31.6	30.2	30.2	29.4	29.6	28.5	27.8	364	30.3	12
2017	28.7	29.4	31.4	31.8	34.6	33.4	30.5	31.3	31	29.2	29.9	27.9	369.1	30.8	12
2018	25.2	29.2	32.6	31.8	36.4	33.8	31.8	30.2	29.6	28.8	28.9	26.4	364.7	30.4	12
2019	28.4	31.2	32.9	33	34.2	34	31.2	31.6	30	30.6	28.8	27.8	373.7	31.1	12
2020										25.3			25.3	25.3	1
2023										25.3			25.3	25.3	1
MÍNIMA	24.2	26.6	29.4	30.5	30.6	31.3	28	28.2	28	25.3	26.7	25	25.3	25.3	
MÁXIMA	35.2	33	33.4	37	36.8	36.2	32.5	34.2	31.6	32.4	29.9	29.1	383.1	32.2	
MEDIA	27.7	29.3	31.4	33.3	34.9	33.7	30.6	30.5	29.9	29.5	28.5	27.4	288.5	30.2	
DESV.ST	1.9	1.5	1.2	1.6	1.4	1.3	1.2	1.4	1.1	1.7	1	1.1	120.9	1.8	

TEMPERATURA MÁXIMA PROMEDIO
AÑO	ENE	FEB	MAR	ABR	MAY	JUN	JUL	AGO	SEP	OCT	NOV	DIC	ACUM	PROM	MESES
1982						31.9	28.5		27.6	25.9		21.9	135.8	27.2	5
1983	20.6	23.2	26.5	30.3	32.1	31.6							164.3	27.4	6
1984	22.2	23.6	27.7	30.3	28.7	28.9	26.1	26.5	23.4	27.1	25	23.7	313.2	26.1	12
1985	22.3	24.6	28	28.4	30.4	26.6	25.7	27.3	27.5	27	25.6	23.3	316.7	26.4	12
1988							26.7					23.6	50.3	25.1	2
1989	24.4	24.1	26.7	28.9	31.3	29.2	27.8	26.2	24.9	26.6	25.9	21.3	317.3	26.4	12
1990	23.6	23.8	26.9	29	30.4	28.9	25.9	25.9	26.1	25.2	24.9	23.9	314.5	26.2	12
1991	23.3	25.2	30.2	31.3	31.1	28.5	24	27.3	23.8	23.7	23.4	22	313.8	26.1	12
1992	18.9	22.4	26.1	27.1	27.1	28.7	26.3	25.5	24.7	23.1	22.5	23.9	296.3	24.7	12
1993	23.6	25.2	26	28.1	29.6	28	27.1	27	25.8	25.9	25.9	24.5	316.7	26.4	12
1994	23.4	26.2	28.3	29.1	31.1	28	27.8	26	25.7	25.7	25.7	25.3	322.3	26.9	12
1995	23.6	25.4	28.1	29.7	31.5	30	27.5	27.4	26.2	26.3	26.3	24	326	27.2	12
1996	24.3	25.5	26.9	29.7	32.6								139	27.8	5
2002	25.3	25.7	28.9	31.2	31.8	30.2	28.2	28.6	27.1	28.4	23	23.8	332.2	27.7	12
2003	23.5												23.5	23.5	1
2005	23.3	24.3	26.8	31.4	31.2	31.2							168.2	28	6
2006	23.4	26	28.5	31.5	29.9	28.9							168.2	28	6
2007	23.5	24.9	28.6	29.8	31.1	29.9	28.2	27	26.8	26.1	25.3	25.9	327.1	27.3	12
2008	24.1	26.7	27.7	31.1	31.5	29.1	26.8	27.2	25.3	24.9	24.1	23.9	322.4	26.9	12
2009	24.3	26.7	28.8	31.6	31.7	30.9	30.1	30	27	26.5	23.7	23.1	334.4	27.9	12
2010	20.5	21.6	27.4	29.6	32.7	31.7	26.8	28.1	26.8	26.3	24.3	23.2	319	26.6	12
2011	24.4	26.9	29	32.2	33.3	30.1	27.6	29.1	27.4	27.1	26	25.9	339	28.2	12
2012	24	23.7	29.1	30.5	32.2	30.4	28	28.1	27.8	28.5	24.5		306.8	27.9	11
2013	23.9	27.7		31.3	31.3	30.3		28.2	26.1	26.9	24.5	23.2	273.4	27.3	10
2014	23.2					28.8	28.1	29	27.3	26.5	24.5	24	211.4	26.4	8
2015	23.7	25.2	25.4	29.4	29.9	28.5	28.1	29.1	28.2	26.7	26.2	23.5	323.9	27	12
2016	23.1	25.3	26.2	30.2	32.5	28.4	27.7	27.4	26.7	26.2	23.2	24.7	321.6	26.8	12
2017	24.3	25.9	27.1	29.1	31.6	30.1	27.4	28.2	26.1	25.2	26	23.4	324.4	27	12
2018	21.8	25.2	29.3	29.7	30.9	28	28.8	28	27.6	26	23.8	23.4	322.5	26.9	12
2019	24.1	27.1	29.3	29.6	32.4	29.9	29	29.2	28.2	26.7	25.9	23.9	335.3	27.9	12
2020										24.6			24.6	24.6	1
2023										25.3			25.3	25.3	1
MÍNIMA	18.9	21.6	25.4	27.1	27.1	26.6	24	25.5	23.4	23.1	22.5	21.3	23.5	23.5	
MÁXIMA	25.3	27.7	30.2	32.2	33.3	31.9	30.1	30	28.2	28.5	26.3	25.9	339	28.2	
MEDIA	23.2	25.1	27.7	30	31.1	29.5	27.4	27.7	26.4	26.1	24.8	23.7	254	26.7	
DESV.ST	1.4	1.5	1.3	1.2	1.3	1.3	1.3	1.2	1.3	1.2	1.1	1.1	106	1.1	

TEMPERATURA MÍNIMA EXTREMA
AÑO	ENE	FEB	MAR	ABR	MAY	JUN	JUL	AGO	SEP	OCT	NOV	DIC	ACUM	PROM	MESES
1982						13	12.5		10	7.2		3	45.7	9.1	5
1983	3	1.4	5.4	7.6	11.1	11.4							39.9	6.7	6
1984	3.1	1	7	8.5	8.1	10.4	12	12	11.9	11	5.8	3.6	94.4	7.9	12
1985	1.4	5.1	9.1	9	11	12	11.4	13.1	11	7.1	4.1	5	99.3	8.3	12
1988							12.8					5.2	18	9	2
1989	5	1.4	1.7	7.9	10.6	11.6	10.5	11.9	8.4	5.1	7.2	3.2	84.5	7	12
1990	4.2	4.6	5.2	10.4	10.3	12.9	11.2	10.8	11.4	1.8	2.5	0.6	85.9	7.2	12
1991	3.6	3.5	3.9	6.7	11.6	11.7	9.1	8.6	8.1	3.9	0	0.4	71.1	5.9	12
1992	3.8	-0.4	4.6	7	9.5	10.2	11.4	11	5.9	4.4	0.9	2.7	71	5.9	12
1993	5.9	4.1	4.5	7.7	10.7	12	9.5	12.7	9.6	7.4	6.4	4.5	95	7.9	12
1994	4.3	1.8	5.2	9	12.6	11	11.8	11.3	8	9.4	7.5	7.1	99	8.2	12
1995	5.1	7	3.4	10.3	13.2	12	12	12	9.4	4.9	1.9	6.2	97.4	8.1	12
1996	2.5	3.1	2.6	8.1	12.9								29.2	5.8	5
2002	1	2	2	10	11	12	12	12	9	8	1	2	82	6.8	12
2003	4												4	4	1
2005	4.9	6.9	7.1	7.3	12	14							52.2	8.7	6
2006	1.5	4.6	8	10.6	11.8	12.8							49.3	8.2	6
2007	5.8	4.7	4	8.8	13.7	13.5	14	13.5	12	4	5.4	7.8	107.2	8.9	12
2008	0.8	5.4	3.4	9.4	13.9	14	12.4	13.9	8.5	7.2	4.7	4.4	98	8.2	12
2009	6.2	4.2	4.6	9	12.2	13.2	13.7	13.8	14.7	10	7.5	5.9	115	9.6	12
2010	2.9	2.4	7.4	10.8	11.8	14.8	14.4	13	10.5	6.4	2.5	1	97.9	8.2	12
2011	6.4	6.8	6.4	12.8	11	13	14.5	14.1	9	6.5	1.5	4.3	106.3	8.9	12
2012	4.4	7.2	7.5	9.8	11.5	13.2	13.8	13.3	11.7	9.3	8.7		110.4	10	11
2013	4	6.8		8	9.2	13.5		12.7	13.4	8.9	5.2	6.2	87.9	8.8	10
2014	2.6					14.2	13.7	13.2	13.9	9.3	4.1	7	78	9.8	8
2015	5	5	6	11.6	12.2	13	13	12.5	12	9.5	10	7	116.8	9.7	12
2016	5	3.8	2.5	10	14	14	14	13.8	12.8	10	7.5	8.5	115.9	9.7	12
2017	4.5	7.5	7	10.8	15	15	13.2	14.5	10.7	8	5.8	2.1	114.1	9.5	12
2018	3	4.9	9.5	9.1	13.1	14	12	13.5	14	12.2	4	3.8	113.1	9.4	12
2019	5.8	7.5	8.1	11.4	15.3	13.2	13.4	12.4	13	13	9.8	4.2	127.1	10.6	12
2020										8.6			8.6	8.6	1
2023										12.9			12.9	12.9	1
MÍNIMA	0.8	-0.4	1.7	6.7	8.1	10.2	9.1	8.6	5.9	1.8	0	0.4	4	4	
MÁXIMA	6.4	7.5	9.5	12.8	15.3	15	14.5	14.5	14.7	13	10	8.5	127.1	12.9	
MEDIA	3.9	4.3	5.4	9.3	11.9	12.8	12.4	12.6	10.8	7.9	5	4.4	79	8.4	
DESV.ST	1.6	2.2	2.2	1.5	1.7	1.3	1.5	1.3	2.3	2.8	2.9	2.3	35.6	1.7	

TEMPERATURA MÍNIMA PROMEDIO
AÑO	ENE	FEB	MAR	ABR	MAY	JUN	JUL	AGO	SEP	OCT	NOV	DIC	ACUM	PROM	MESES
1982						15.4	14.7		14	12.2		7.6	63.9	12.8	5
1983	7	5.6	8.2	10.8	15.6	16.3							63.5	10.6	6
1984	7.3	7.9	10.6	11.9	13.8	14.7	14.3	14.1	14	12.6	8.4	7.8	137.4	11.4	12
1985	6.9	8.2	11.2	12.6	14.3	14.5	13.7	14.2	13.6	12.1	8.7	7.7	137.7	11.5	12
1988							14.7					7.6	22.3	11.1	2
1989	8.8	8.1	8.5	11.3	13.6	14.2	13.5	14	13.1	9.1	10.2	7.4	131.8	11	12
1990	8.3	8.7	10.2	12.9	14.3	14.4	13.6	13.4	13.1	11.4	8.7	5.7	134.7	11.2	12
1991	7.2	7.7	10	12.7	14.3	13.9	13	12.4	12.3	10.6	6.6	7	127.7	10.6	12
1992	6	6	9	10	11.8	13.3	13.1	12.8	12.2	10.4	8.1	7.8	120.5	10	12
1993	8.4	8	9.7	12.4	13.3	14.9	14	13.9	13.5	11	9.5	7.8	136.4	11.4	12
1994	6.9	8.5	10.6	12.8	14.8	14.2	13.9	13.6	12.7	11.9	9.9	8.8	138.6	11.6	12
1995	7.8	9	10.4	12.6	15.3	14.7	14	14.2	13.6	10.5	10.2	7.8	140.1	11.7	12
1996	5.2	8	8.8	11.8	15.3								49.1	9.8	5
2002	5.7	7.5	9.3	11.7	14	14.1	14.1	13.7	13.5	10.6	7.8	6	128	10.7	12
2003	6.7												6.7	6.7	1
2005	8.5	10.2	10.9	13.9	15.1	16.8							75.4	12.6	6
2006	7.3	9.7	11.7	14	14.5	14.6							71.8	12	6
2007	9.3	9.2	11.5	14	15.9	15.7	15.4	15.1	14.4	11.3	9.7	9.9	151.4	12.6	12
2008	7.8	9.9	10.6	14.2	15.4	15.3	14.9	15.1	14.2	11.8	9.2	7.3	145.7	12.1	12
2009	8.4	9.1	11.3	14.1	15.7	15.6	15.3	15.2	15.7	14.9	9.8	9.4	154.5	12.9	12
2010	7.8	8.2	10.6	13.6	16	16.8	16	15.3	15.2	11.2	8.7	4.5	143.9	12	12
2011	8.5	10	11.5	15.4	17.1	15.5	15.7	15.4	13.9	11.4	9.2	9.1	152.7	12.7	12
2012	9	10.8	12.1	13.1	15	15.4	15	15.3	14.4	12.9	10.5		143.5	13	11
2013	9.3	10.2		14.1	15.1	15.4		15.1	15.3	13.9	10.9	8.9	128.2	12.8	10
2014	6.8					15.9	15.1	14.7	15.4	13.3	10.1	9.8	101.1	12.6	8
2015	8.7	9.2	10.7	14.3	14.9	14.8	14.9	14.7	15	13.8	12.8	9.9	153.7	12.8	12
2016	7.7	7.6	10.7	14.6	16.5	15.8	15.5	15.4	15.1	13.1	10.6	10.4	153	12.8	12
2017	8.1	9.8	11.3	13.7	17.3	16.4	15.6	15.7	14.9	13.1	9.9	7.8	153.6	12.8	12
2018	6.9	10.8	12.3	14	15.7	15.2	14.7	15.1	15.1	14.6	10.4	7.9	152.7	12.7	12
2019	8.8	10.7	12.4	13.8	16.8	16.1	15.2	15.4	15	14.7	12.6	8.6	160.1	13.3	12
2020										11			11	11	1
2023										12.9			12.9	12.9	1
MÍNIMA	5.2	5.6	8.2	10	11.8	13.3	13	12.4	12.2	9.1	6.6	4.5	6.7	6.7	
MÁXIMA	9.3	10.8	12.4	15.4	17.3	16.8	16	15.7	15.7	14.9	12.8	10.4	160.1	13.3	
MEDIA	7.7	8.8	10.6	13.1	15.1	15.2	14.6	14.5	14.1	12.2	9.7	8	112.6	11.7	
DESV.ST	1.1	1.4	1.1	1.3	1.2	0.9	0.8	0.9	1	1.5	1.4	1.4	48.6	1.3	

TEMPERATURA MEDIA MENSUAL
AÑO	ENE	FEB	MAR	ABR	MAY	JUN	JUL	AGO	SEP	OCT	NOV	DIC	ACUM	PROM	MESES
1982						23.6	21.6		20.8	19.1		14.7	99.8	20	5
1983	13.8	14.4	17.3	20.6	23.9	23.9							113.9	19	6
1984	14.7	15.7	19.1	21.1	21.3	21.8	20.2	20.3	18.7	19.9	16.7	15.8	225.3	18.8	12
1985	14.6	16.4	19.6	20.5	22.4	20.6	19.7	20.7	20.6	19.6	17.2	15.5	227.4	19	12
1988							20.7					15.6	36.3	18.1	2
1989	16.6	16.1	17.6	20.1	22.5	21.7	20.6	20.1	19	17.9	18.1	14.3	224.6	18.7	12
1990	15.9	16.3	18.5	21	22.3	21.6	19.8	19.7	19.6	18.3	16.8	14.8	224.6	18.7	12
1991	15.3	16.5	20.1	22	22.7	21.2	18.5	19.9	18	17.1	15	14.5	220.8	18.4	12
1992	12.4	14.2	17.5	18.6	19.5	21	19.7	19.2	18.5	16.7	15.3	15.8	208.4	17.4	12
1993	16	16.6	17.9	20.3	21.5	21.5	20.6	20.4	19.7	18.5	17.7	16.1	226.8	18.9	12
1994	15.1	17.4	19.5	21	23	21.1	20.9	19.8	19.2	18.8	17.8	17.1	230.7	19.2	12
1995	15.7	17.2	19.2	21.2	23.4	22.3	20.7	20.8	19.9	18.4	18.3	15.9	233	19.4	12
1996	14.7	16.8	17.9	20.8	24								94.2	18.8	5
2002	15.5	16.6	19.1	21.4	22.9	22.2	21.1	21.2	20.3	19.5	15.4	14.9	230.1	19.2	12
2003	15.1												15.1	15.1	1
2005	15.9	17.2	18.9	22.6	23.2	24							121.8	20.3	6
2006	15.4	17.9	20.1	22.7	22.2	21.7							120	20	6
2007	16.4	17.1	20	21.9	23.5	22.8	21.8	21.1	20.6	18.7	17.5	17.9	239.3	19.9	12
2008	15.9	18.3	19.2	22.6	23.4	22.2	20.9	21.2	19.7	18.3	16.7	15.6	234	19.5	12
2009	16.3	17.9	20.1	22.8	23.7	23.2	22.7	22.6	21.4	20.7	16.8	16.3	244.5	20.4	12
2010	14.1	14.9	19	21.6	24.4	24.3	21.4	21.7	21	18.8	16.5	13.9	231.6	19.3	12
2011	16.4	18.4	20.2	23.8	25.2	22.8	21.7	22.3	20.7	19.3	17.6	17.5	245.9	20.5	12
2012	16.5	17.2	20.6	21.8	23.6	22.9	21.5	21.7	21.1	20.7	17.5		225.1	20.5	11
2013	16.6	19		22.7	23.2	22.8		21.6	20.7	20.4	17.7	16	200.7	20.1	10
2014	15					22.4	21.6	21.9	21.3	19.9	17.3	16.9	156.3	19.5	8
2015	16.2	17.2	18.1	21.8	22.4	21.6	21.5	21.9	21.6	20.2	19.5	16.7	238.7	19.9	12
2016	15.4	16.4	18.4	22.4	24.5	22.1	21.6	21.4	20.9	19.6	16.9	17.5	237.1	19.8	12
2017	16.2	17.9	19.2	21.4	24.5	23.3	21.5	21.9	20.5	19.2	17.9	15.6	239.1	19.9	12
2018	14.3	18	20.8	21.9	23.3	21.6	21.7	21.6	21.4	20.3	17.1	15.7	237.7	19.8	12
2019	16.4	18.9	20.8	21.7	24.6	23	22.1	22.3	21.6	20.7	19.2	16.2	247.5	20.6	12
2020										17.8			17.8	17.8	1
2023										19.1			19.1	19.1	1
MÍNIMA	12.4	14.2	17.3	18.6	19.5	20.6	18.5	19.2	18	16.7	15	13.9	15.1	15.1	
MÁXIMA	16.6	19	20.8	23.8	25.2	24.3	22.7	22.6	21.6	20.7	19.5	17.9	247.5	20.6	
MEDIA	15.4	16.9	19.1	21.6	23.1	22.3	21	21.1	20.3	19.1	17.2	15.9	183.3	19.2	
DESV.ST	1	1.2	1	1.1	1.2	1	0.9	0.9	1	1.1	1.1	1	77.1	1.1	
