 COMISIÓN NACIONAL DEL AGUA
 COORDINACIÓN GENERAL DEL SERVICIO METEOROLÓGICO NACIONAL
 PROYECTO DE BASES DE DATOS CLIMATOLÓGICOS

 ESTACIÓN  : 22004 
 NOMBRE    : EL BATAN 



LLUVIA MÁXIMA 24H
AÑO	ENE	FEB	MAR	ABR	MAY	JUN	JUL	AGO	SEP	OCT	NOV	DIC	ACUM	PROM	MESES
1965						25.9	57	35	76			6.5	200.4	40.1	5
1966	19	10	14	11	10	20	43	45	12.5	16	0	0.5	201	16.8	12
1967	9	0.5	10	9	8	4	20.2	49.5	30	48.2	0	2	190.4	15.9	12
1968	0	15.4	15.4	64.1	42.5	26	21	35.7	20	16	4.3	1.6	262	21.8	12
1969	4	7.3	5.8	0	4.1	65.7	18	36.3	5	9.4	5.2	1.7	162.5	13.5	12
1970	0	3.1	0	0	6.2	31.2	27.2	23.2	46.4	9.3	6.2	0	152.8	12.7	12
1971	1.4	0	4.8	2.5	31.2	32.5	28.3	46	45.5	24.2	4.8	1.3	222.5	18.5	12
1972	1.3	0	1.2	3.7	30.4	21.2	30.8	24	44.2	29.2	14.7	8.5	209.2	17.4	12
1973	0	2.4	1.5	16.8	28.7	34.8	61.7	32.5	34.1	30.2	3.8	0	246.5	20.5	12
1974	2.8	1.4	4.2	12.2	7.4	34.6	56.4	23	43.5	5.7	7.5	8.2	206.9	17.2	12
1975	33.8	1.7	0	0	7.4	38.5	29.7	25.5	11.3	5.4	0	0	153.3	12.8	12
1976	0	0	4.4	4.3	21.4	23.2	44.9	33.4	54.6	18.7	19.5	8.4	232.8	19.4	12
1977	0	2.9	1.3	13.6	24.7	25.1	19.8	28.1	37	14.7	1.7	9.2	178.1	14.8	12
1978	21.1	9.7	17.2	0	17.1	15.1	23.5	22.7	21.1	26	4.2	6.7	184.4	15.4	12
1979	0	16.4	0	6.8	16.8	10.4	21.4	57.4	46.8	0	0	16.5	192.5	16	12
1980	32.4	0	0	4.5	11.5	22.6	40.4	28.3	34.4	16.2	8.5	2.5	201.3	16.8	12
1981	18.9	45.4	4.5	25.5	18.3	27.2	13.2	57.4	24.2	27.2	0	5.7	267.5	22.3	12
1982	0	4.2	0	26.5	22.6	38.5	33.2	18.7	26.2	16.5	1.5	7.2	195.1	16.3	12
1983	12.5	3.4	19.3	0	15	16.5	55.8	41.5	22.6	27.2	32.3	0	246.1	20.5	12
1984	13.5	6.4	1.8	0	12.5	19.4	70.5	22.8	22.3	20.6	1.7	27.3	218.8	18.2	12
1985	0	0	7.6	10.5	23.8	41.5	29.3	34.7	24.3	60.8	3.7	13.3	249.5	20.8	12
1986	0	1.3	0	14	49.3	61.8	64.8	17.5	54.5	46.7		6.3	316.2	28.7	11
1987	0	0	1.8	15.7	9.2	46.2	41.2	26.8	14.5	0	11.8	0	167.2	13.9	12
1988	4.3	0	9.5	16.2	19.3	46.5	42.3	21.5	14.3	0	6.2	0	180.1	15	12
1989	0	7.5	0	6.5	30.3	34.8	50.8	70.9	90.6	15.5	9.5	19.5	335.9	28	12
1990	0	12.5	0	35	20	35.7	42.8		54.5	27	30.5	0	258	23.5	11
1991	0	0	0	0	0	74.2	74.3	18	25.2	12.5	14.2	14.1	232.5	19.4	12
1992	20.7	21.2	8	8.6	18.3	16.9	20	62.8	66.4	18.2	15.4	0	276.5	23	12
1993	3.4	4	4.5	12.6	6.3	61.2	43.2	24.8	33.6	5	14.5	0	213.1	17.8	12
1994	8.2	0	3	21.8	35.6	26.5	18.3	37.5	27.3	30.4	0	0	208.6	17.4	12
1995	3.6	2.3	0	5.3	32.7	55.2	18.3	60.3	57.8	7.4	13.5	12.8	269.2	22.4	12
1996	0	0	2.8	0	18.6	48.6	26.6	25.3	58.8	11.6	0	0	192.3	16	12
1997	0	0	30.3	21.7	13.4	24.6	34.8	26.8	3.6	19.7	4.8	0	179.7	15	12
1998	0	13.6	0	0	4.5	22.3	18.6	40	61.5	36.8	28.6	0	225.9	18.8	12
1999	0	0	0	3	2	19.3	36.3	22	14.7	28.6	0	3.2	129.1	10.8	12
2000	0	0	0	0	11.5	19.2	22.7	23.7	19.7	22.8	11.3	2.5	133.4	11.1	12
2001	5.5	7.5	5.8	3.6	5.6	66.8	52.7	79.7	52.8	21.8	2.8	2.5	307.1	25.6	12
2002	21.3	13.5	0	27.3	7.4	37.7	53.6	19.4	42.6	36	9.5	0	268.3	22.4	12
2003	6.8	0	0	0	12.5	76.8	35.8	45.7	96.7	31.5	0	0	305.8	25.5	12
2004	11.3	0	12.7	5.4	45.7	79.6	59.6	32	42.4	22.6	0	1.7	313	26.1	12
2005	5.5	8.4	6.5	4.7	5.4	1.6	28.7	48.6	24.8	12.6	0	0	146.8	12.2	12
2006	20.7	0	7	6.8	35.5	18.7	21.6	28.5	132.5	98.6	13.6	2	385.5	32.1	12
2007	9.4	13.7	0	11.6	15.5	37.5	62.6	44	45.5	12.5	13.5	3	268.8	22.4	12
2008	0	0	0	0	17	28	34.8	31.6	57.4	0	0	0	168.8	14.1	12
2009	8.6	0	2.8	0	16	34.5	28.7	16	33.4	30.8	0	6	176.8	14.7	12
2010	17.6	62.7	0	10.5	9.8	11.5	28.6	49.4	42.7	0	0	0	232.8	19.4	12
2011	0	0	0	0	7	38.7	21.6	16.4	56.7	12.7	0	11	164.1	13.7	12
2012	11.4	15.3	8	3	13.6	44.7	48.4	46.8	56	16.7	21.5	3.5	288.9	24.1	12
2013	1.3	9	5	6.5	22	53	30	14	27.5	14	33	16.5	231.8	19.3	12
2014	0	0	0	13.7	17	27.5	20	30	11.5	41.5	2.1	0	163.3	13.6	12
2015	0	8.5	82	20	23	55	28	27	24	27.5	10	7.5	312.5	26	12
2016	2	0	17.5	2	14.5	22	27	42	20	9	8	0	164	13.7	12
2017	0	7	6.5	0	20	29	47	44	75	3	0	0	231.5	19.3	12
2018	0	2.5	0	5	26	29	37	52	26	19	12	0	208.5	17.4	12
2019	0	0	2	0	6	42	47	20	43	13	0	14	187	15.6	12
2020	5	19	28	7	5	22	36	28	23	17	0		190	17.3	11
MÍNIMA	0	0	0	0	0	1.6	13.2	14	3.6	0	0	0	129.1	10.8	
MÁXIMA	33.8	62.7	82	64.1	49.3	79.6	74.3	79.7	132.5	98.6	33	27.3	385.5	40.1	
MEDIA	6.1	6.5	6.5	9.1	17.4	34.3	36.6	34.8	39.5	20.8	7.5	4.6	221.5	19	
DESV.ST	8.6	11.1	12.5	11.4	11.2	17.9	15.3	14.7	24.1	16.8	8.9	6.1	55.4	5.5	

LLUVIA TOTAL MENSUAL
AÑO	ENE	FEB	MAR	ABR	MAY	JUN	JUL	AGO	SEP	OCT	NOV	DIC	ACUM	PROM	MESES
1965						30.5	133.6	139.9	190.6			11.5	506.1	101.2	5
1966	37	10	27	17	28	90	167.8	183.9	23	75.1	0	0.7	659.5	55	12
1967	40	0.7	30	22	21	18	31.4	233.32	189.4	106	0	2	693.82	57.8	12
1968	0	21.1	24.9	95.92	42.5	126.5	52.7	84.9	82.3	16.8	11.4	3.5	562.52	46.9	12
1969	5.13	9.8	5.8	0	6.9	164.1	105	139.9	8.2	16.2	5.2	2.9	469.13	39.1	12
1970	0	5.4	0	0	9.4	172	139	106.6	130.4	12.3	7.4	0	582.5	48.5	12
1971	1.4	0	7.1	2.5	75	235.2	61	240	254.1	47.8	4.8	1.3	930.2	77.5	12
1972	1.3	0	1.2	4.9	79.1	82.6	93.1	59.3	86.7	47.3	30.8	8.5	494.8	41.2	12
1973	0	2.4	1.5	24.2	59.2	205.9	270.5	114.7	117.3	51.8	3.8	0	851.3	70.9	12
1974	4.6	2.6	7.3	27.1	7.4	98.1	230.9	70.1	104.5	5.7	12.2	14.6	585.1	48.8	12
1975	47.2	1.7	0	0	34.9	236.85	150	135.1	46.3	9.4	0	0	661.45	55.1	12
1976	0	0	6.8	9.3	74.8	37.4	288.6	121.8	168.8	55.6	26	18.3	807.4	67.3	12
1977	0	3.9	1.3	49.2	51.3	115.1	70.8	125.1	118.1	47.6	2.8	9.2	594.4	49.5	12
1978	21.11	19.22	32.7	0	32.7	45.7	117.8	103.1	75.4	119.6	4.2	7	578.53	48.2	12
1979	0	31.2	0	6.8	16.8	33.4	95.5	124.4	79.8	0	0	37.9	425.8	35.5	12
1980	84.7	0	0	10.3	30.72	83.84	102.72	186.21	110.52	30.45	21.61	2.5	663.57	55.3	12
1981	43.81	56.11	4.5	44.11	34.8	104.2	55.45	145.11	33.31	100.92	0	10.4	632.72	52.7	12
1982	0	4.21	0	73.4	78.21	38.51	118.1	54.8	66.5	55	1.5	18.9	509.13	42.4	12
1983	37.7	4.9	21.8	0	28.6	40.3	215.02	145.83	73.22	58.61	72.4	0	698.38	58.2	12
1984	24	16.1	1.8	0	29.6	69.7	280.6	86.6	77.6	28.1	1.7	27.3	643.1	53.6	12
1985	0	0	13.6	45.2	105.3	216.9	138.1	119.5	48.2	84.7	7.1	17.5	796.1	66.3	12
1986	0	1.3	0	37.7	77.1	290.2	132.7	76.93	142.65	155.4		7.7	921.68	83.8	11
1987	0	0	1.8	29.2	22	128.9	142.5	76	22.6	0	27.3	0	450.3	37.5	12
1988	7.7	0	22.6	23.4	23.5	130.2	171.6	109.4	25	0	6.2	0	519.6	43.3	12
1989	0	13.5	0	6.5	30.3	85.4	153.9	327.1	97.1	15.5	13.2	26.5	769	64.1	12
1990	0	17.8	0	35	76.9	100.4	213.1		106.9	50.2	37	0	637.3	57.9	11
1991	0	0	0	0	0	308	595.5	31	129.8	30.3	16.5	31.1	1142.2	95.2	12
1992	107.7	48.3	11	13.1	60.4	42.5	139.2	160.7	128.1	83.3	38.3	0	832.6	69.4	12
1993	3.4	4	4.5	16.3	10.9	170.5	263.2	47.9	92.9	6.5	25.3	0	645.4	53.8	12
1994	10.5	0	6.6	29.8	69.5	142.7	52.6	142.4	47.4	61	0	0	562.5	46.9	12
1995	6.41	2.32	0	5.32	95.33	119.53	45	278.9	133.4	7.6	29.5	23.8	747.11	62.3	12
1996	0	0	2.8	0	23.5	125.4	79.7	114.8	221.1	35.9	0	0	603.2	50.3	12
1997	0	0	43	69.7	56.2	47.4	69.6	93.3	7.7	42.7	8	0	437.6	36.5	12
1998	0	13.6	0	0	4.5	107.5	76.2	152.7	229.4	91.3	39	0	714.2	59.5	12
1999	0	0	0	8.5	2	59.2	191.9	90.2	22.5	38.7	0.01	3.2	416.21	34.7	12
2000	0	0	0.02	0.01	18.23	79.73	98.51	60.03	52.8	24.81	13.31	2.5	349.95	29.2	12
2001	5.5	14.81	5.8	9.11	21.92	193.82	158.93	188.51	128.42	37.9	4.1	4.22	773.04	64.4	12
2002	26.01	19.1	0	34.93	15.41	157.9	203.41	47.12	179.84	61.01	25.6	0.01	770.34	64.2	12
2003	9.5	0	0	0	31.01	168.81	129.62	192.42	510.52	77.72	0	0	1119.6	93.3	12
2004	28.02	0	34.93	5.41	68.72	175.14	186.02	110.62	209.61	25.03	0	1.7	845.2	70.4	12
2005	5.5	12.4	15.21	4.71	6.91	1.6	116.8	178.62	35.02	36.8	0	0	413.57	34.5	12
2006	23.1	0	7.01	10.5	142.22	25.32	94.91	164.4	288.8	131.81	27.3	3.4	918.77	76.6	12
2007	22.71	34	0.02	19.1	21.72	209.82	294.6	159	105.1	21.21	13.5	3	903.78	75.3	12
2008	0	0	0	0	21	114.3	170.4	169.33	107.7	0	0	0	582.73	48.6	12
2009	8.6	0	2.8	0	32.6	126.2	71.9	51.8	132.6	99.9	0	8.9	535.3	44.6	12
2010	73.4	174.6	0	17.5	16.5	29.9	165.62	98.01	113.11	0	0	0	688.64	57.4	12
2011	0	0	0	0	9	99.92	59.43	70.82	81.32	34.81	0.01	11	366.31	30.5	12
2012	19.4	85.5	8	4.5	21.4	132.2	203.3	209.4	174.5	18.4	41.3	3.5	921.4	76.8	12
2013	1.3	9	5	6.5	45.5	128.5	177.3	44	159.6	51.53	37.8	28.81	694.84	57.9	12
2014	0	0	0	15.9	59.6	172	67.5	95.32	35.5	67.4	2.1	0	515.32	42.9	12
2015	0	16.8	124	31.5	54	172.5	106.5	101	71	75.5	10	9.5	772.3	64.4	12
2016	3	0	35	2	40.5	101	149.5	197.5	44.5	9	19	0	601	50.1	12
2017	0	7	12.5	0	40.5	115.3	172.5	115	291.5	6.05	0	0	760.35	63.4	12
2018	0	2.52	0	5.01	39.03	213.01	84.52	182.53	97.01	40.02	40.01	0	703.66	58.6	12
2019	0	0	2	0	17.02	135.06	129.5	70.03	99.02	38.02	0	14	504.65	42.1	12
2020	5.01	36	74.01	7.01	9.05	103.01	117.07	58.56	44.07	17	0		470.79	42.8	11
MÍNIMA	0	0	0	0	0	1.6	31.4	31	7.7	0	0	0	349.95	29.2	
MÁXIMA	107.7	174.6	124	95.92	142.22	308	595.5	327.1	510.52	155.4	72.4	37.9	1142.2	101.2	
MEDIA	13	12.8	11	16	38.7	120.7	146.5	127	115.2	44.8	12.7	6.9	659.9	56.3	
DESV.ST	22.7	27.5	21.1	20.7	29.4	68.7	89.7	61.7	86.9	36.3	15.8	9.6	177.4	16	

EVAPORACIÓN MENSUAL
AÑO	ENE	FEB	MAR	ABR	MAY	JUN	JUL	AGO	SEP	OCT	NOV	DIC	ACUM	PROM	MESES
1967												92.4	92.4	92.4	1
1968	115.5	129.4	194.6	198.1	223.8	177.4	169.5	183.7	138.2	151.3	134.3	107.3	1923.1	160.3	12
1969	130.93	156.9	219.6	256.6	271	249	171.5	140.9	137.2	146.3	132.6	114.2	2126.73	177.2	12
1970	128.6	127.5	212.7	253	256.7	174.7	164.9	146.5	122.9	141.6	126.7	126.5	1982.3	165.2	12
1971	136.3	161.3	200.6	234.7	243	163.3	158	119.3	123.8	123.8	117.7	111.5	1893.3	157.8	12
1972	108.4	150.5	198.7	247.1	242.7	172.7	150.9	164	147.9	131.2	101.9	108.5	1924.5	160.4	12
1973	134.8	148.8	233.2	233.4	237.7	183.2	143.5	130.9	134	123.1	118.5	101.5	1922.6	160.2	12
1974	123	146.4	180.6	208.4	230	178.4	149.2	143.9	121.8	126.4	113.5	89.1	1810.7	150.9	12
1975	109.4	140.2	207.2	242.2	211.4	170.67	146.3	141.3	124.5	134.7	133	111.7	1872.57	156	12
1976	118	151	195.8	208.7	226.2	195.7	129.9	154.8	140.8	111.3	86.7	84.4	1803.3	150.3	12
1977	111.85	131.9	208.7	179.1	207	166	167	159.3	121.5	132.5	97.3	103.6	1785.75	148.8	12
1978	108.5	107.6	179.4	222.1	244.7	182.2	178.3	148.7	117.4	118.1	119.4	118.5	1844.9	153.7	12
1979	110.6	105.7	169.1	197	228.3	196.6	185.5	161.2	129.6	161.3	118.9	127.7	1891.5	157.6	12
1980	113.7	118.5	174.3	188.91	220.06	221.41	196.88	188.88	148.76	124.92	104.86	107.37	1908.55	159	12
1981	92.1	123	168.38	176.82	212.5	178.9	153.89	169.3	136.3	131.54	122.54	107.5	1772.77	147.7	12
1982	132.12	137.23	196.33	233.1	219.23	219.28	193.2	192.9	160.8	149.5	125.39	105	2064.08	172	12
1983	87.7	138.7	206.5	235.2	239.3	209	166.41	160.16	136.03	136.9	101.53	95.46	1912.89	159.4	12
1984	102.6	135.6	182.4	214.7	215.9	186.5	141.6	172.8	104.5	142.1	128	110	1836.7	153.1	12
1985	104.5	140.7	166.7	187.3	197.1	134.7	131.9	148.4	143	115	95.4	106.4	1671.1	139.3	12
1986	125.9	112.3	158.7	186.4	206.7	121.4	148.3	148.33	131.45	101.29		79.1	1519.87	138.2	11
1987	96.7	110.9	172.31	170.26	219.88	177.38	148	163.44	142.44	144.38	108.79	147.35	1801.83	150.2	12
1988	115.52	150.89	143.02	180.89	216.01	183.22	147.7	171.35	115.56	169.23	149.66	117.47	1860.52	155	12
1989	126.24	124.14	178.53	191.42	218.56	193.21	167.38	152.63	100.83	107.77	96.42	85.47	1742.6	145.2	12
1990	87.42	92.3	128.1	141.51	192.52	195.2	181.62		197.79	190.93	194.91	199.34	1801.64	163.8	11
1991	188.11	167.02	199.02	194.21	202.55	195.02	164.61	169.13	123.36	97.95	95.2	92.08	1888.26	157.4	12
1992	87.54	112.15	150.52	167.25	165.97	173.53	157.29	130.73	123.04	102.49	82.91	101.95	1555.37	129.6	12
1993	106.39	128.44	172.25	213.36	187.09	214.5	147.95	156.69	120.27	130.18	103.49	127.77	1808.38	150.7	12
1994	113.9	135.63	187.86	193.72	205.53	149.48	170.19	131.9	129.55	120.76	135.6	118.28	1792.4	149.4	12
1995	124.47	126.9	193.52	213.94	220.94	193.21	148.74	125.03	129.27	133.08	104.95	107.18	1821.23	151.8	12
1996	125.63	143.75	163.57	202.06	202.39	155.1	162.44	123.66	113.1	119.38	147.23	178.05	1836.36	153	12
1997	122.53	143.84	175.1	166.86	180.34	172.16	173.37	20.53	146.24	135.44	123.6	123.52	1683.53	140.3	12
1998	136.53	162.01	212.97	243.53	253.92	216.4	166.06	150.36	99.73	98.9	104.74	100.2	1945.35	162.1	12
1999	121.17	132.27	201.48	217.51	226.66	157.45	134.37	144.25	127.81	123.56	110.9	95.39	1792.82	149.4	12
2000	119.23	138.19	180.18	213.8	194.31	141.74	171.36	144.01	154.76	154.3	136.94	108.49	1857.31	154.8	12
2001	126.55	140.77	207.34	216.89	197.02	163.04	165.49	162.14	135.43	131.49	114.25	101.14	1861.55	155.1	12
2002	113.4	126.18	218.67	201.05	222.43	190.62	150.35	170.72	113.72	139.11	104.29	108.61	1859.15	154.9	12
2003	113.98	151.85	204.91	229.33	248.77	155.12	156.77	146.47	130.05	122.53	110.77	107.52	1878.07	156.5	12
2004	82.43	137.68	173.11	191.51	193.01	131.63	163.93	150.39	136.92	122.65	121.46	99.63	1704.35	142	12
2005	112.76	118.2	189.47	220.92	220.81	219.66	168.3	139.48	135.51	139.08	118.05	105.36	1887.6	157.3	12
2006	123.06	141.07	193.36	207.96	189.58	164.65	145.99	140.6	131.04	112.94	94.39	73.66	1718.3	143.2	12
2007	87.02	117.79	164.43	186.66	193.6	157.3	150.73	139.14	120.23	128.1	107.84	104.35	1657.19	138.1	12
2008	98.31	133.03	183.2	211.06	196.27	159.2	129.4	123.69	113.63	116.41	106.43	116.58	1687.21	140.6	12
2009	118.1	146.04	196.07	220.97	213.66	179.8	173.91	175.02	122	116.07	105	89.71	1856.35	154.7	12
2010	92.39	95.17	180.94	189.28	225.56	197.87	132.49	158.72	131.41	151.33	121.81	102.36	1779.33	148.3	12
2011	129.67	144.94	178.1	224.24	233.15	169.89	141.27	138.39	136.49	130.06	100.25	109.29	1835.74	153	12
2012	101.48	97.32	156.57	196.18	199.46	177.7	146.85	125.04	131.34	143.85	100.72	94.09	1670.6	139.2	12
2013	87.51	143.14	150.03	216.79	194	156.84	135.22	134.74	103.29	115.71	90.34	62.07	1589.68	132.5	12
2014	84.42	107.26	199.94	208.78	177.6	149.86	148.51	168.78	117.92	100.33	78.95	68.82	1611.17	134.3	12
2015	91.02	104.61	141.2	188.56	176.74	156.63	146.34	165.05	127.11	106.97	73.69	63.78	1541.7	128.5	12
2016	82.91	117.53	157.58	209.3	226.73	180.75	146.37	170.97	122.74	103.03	59.36	58.65	1635.92	136.3	12
2017	84.89	111.04	163.55	207.44	235.44	193.7	148.62	151.67	101.88	76.6	66.19	51.56	1592.58	132.7	12
2018	63.69	83.71	179.82	199.74	210.87	142.26	170.06	150.02	106.85	72.94	43.55	42.27	1465.78	122.1	12
2019	59.62	104.42	147.08	194.56	217.64	173.86	164.91	142.15	103.14	88.24	55.04	49.07	1499.73	125	12
2020	69.27	87.37	149.71	192.98	213.71	172.94	146.99	128.29	111.15	117.31	83.61		1473.33	133.9	11
MÍNIMA	59.62	83.71	128.1	141.51	165.97	121.4	129.4	20.53	99.73	72.94	43.55	42.27	92.4	92.4	
MÁXIMA	188.11	167.02	233.2	256.6	271	249	196.88	192.9	197.79	190.93	194.91	199.34	2126.73	177.2	
MEDIA	109.2	129.1	182	206.2	215.2	177.2	157	148.9	127.8	125.8	108.3	102.2	1751	148.2	
DESV.ST	22	20	22.9	23.5	21.9	24.9	15.7	25.1	17.1	21.8	25.4	27.4	271.9	13.9	

TEMPERATURA MÁXIMA EXTREMA
AÑO	ENE	FEB	MAR	ABR	MAY	JUN	JUL	AGO	SEP	OCT	NOV	DIC	ACUM	PROM	MESES
1967		32.5	35	36	39	35	35.5	36.5	29.5	29	28.5	27.5	364	33.1	11
1968	27	28	32	35.5	35.5	33.5	29	31	28.5	29.5	27.5	25.5	362.5	30.2	12
1969	28	29	31	34	35	36	30	29	30	30.5	29.5	26.5	368.5	30.7	12
1970	27	27.5	32.5	35	36	34.5	33	29	28	29.5	27	27.5	366.5	30.5	12
1971	27	29	32	35	38	32	32.5	29.5	29	27	27	28	366	30.5	12
1972	27	28	33	39	40	36	31.5	29.5	31	30.5	29	28	382.5	31.9	12
1973	32	35	38	37	39	34	28	29	28.5	29	29	25	383.5	32	12
1974	26.5	28	32.5	34.5	35.5	34	28	28	28	27.5	28	27	357.5	29.8	12
1975	27	29	32	36	36	34	27.5	28	28.5	29	28	26	361	30.1	12
1976	26	29	32	33.5	34	35	29.5	28	27.5	27	25	25	351.5	29.3	12
1977	27.5	28	33	33	34	31	28.5	29.5	29	30	26.5	27	357	29.8	12
1978	25.5	28	30	33	34.5	30	30	28.5	27.5	26.5	27.5	25.5	346.5	28.9	12
1979	26.5	26.5	32	32	33.5	32.5	31.5	28.5	27.5	29	27.5	27	354	29.5	12
1980	27	28	31	32.5	33.5	32.5	29.5	29.5	27.5	28	26	26	351	29.2	12
1981	26	26.5	29.5	31.5	33.5	32.5	29	29	29.5	28	27	26	348	29	12
1982	28	28	32.5	33.5	32.5	33.5	29	29	29	28.5	28	27.5	359	29.9	12
1983	25	26.5	29.5	33	35.5	32	28	28.5	28.5	28	25.5	25.5	345.5	28.8	12
1984	27	30	29.5	30	32.5	32.5	26.5	27	25.5	29	28.5	25.5	343.5	28.6	12
1985	25.5	26	29	32	35	31	26	27.5	28.5	28.5	27.5	25.5	342	28.5	12
1986	26	26.5	27	33	34	29	27.5	28.5	29	27		25	312.5	28.4	11
1987	26	27	30	32	32	30.5	31	29.5	31	29	27	27.5	352.5	29.4	12
1988	26.5	30	31	35	35.5	33.5	29	28	28	28	29	28	361.5	30.1	12
1989	27	27.5	29	32.5	35	39	30	30	28.5	28	27	27	360.5	30	12
1990	26	26	27.5	29	30.5	31.5	28		29.5	29.5	29.5	29	316	28.7	11
1991	27.5	27.5	29	30	31	30.5	29	29	28	26	25	26	338.5	28.2	12
1992	24	24	30.5	30.5	29	37	32.5	29	29	28	27.5	27.5	348.5	29	12
1993	26.5	29	30.5	31.5	32	35	30	30	29	29.5	28	27.5	358.5	29.9	12
1994	27	29	32.5	33.5	34.5	32	31	30	30	30.5	29.5	28.5	368	30.7	12
1995	27.5	30.5	33.5	34	35	34	32	31.5	30.5	30	30	25.5	374	31.2	12
1996	29	31.5	30	38	34.5	32.5	31	31	29.5	30	30	27.5	374.5	31.2	12
1997	25	28.5	31.5	31	32	33.5	31	31	31	30	29	27	360.5	30	12
1998	26.5	29	32	34	37	35	31	30.5	28.5	28.5	28	26	366	30.5	12
1999	26.5	28.5	29.5	34	38.5	34.5	30	29	30.5	28	26.5	26	361.5	30.1	12
2000	27.5	29	31.5	33	33.5	31	32.1	29	30	29.5	28	26.5	360.6	30	12
2001	26	28	31.5	34	33.5	31	29.5	32	28.5	28.5	26	26	354.5	29.5	12
2002	27.5	28	32.5	34	35	32.5	30	29	27.5	29	27.5	26	358.5	29.9	12
2003	26	29	32	33.5	36	32	30	29.5	28	27.5	27	25	355.5	29.6	12
2004	24	26.5	30	31.5	32.5	30	28	28.5	29.5	31	27	27	345.5	28.8	12
2005	26.5	28.5	29.5	32	32	35	30	32	28.5	29	28	26	357	29.8	12
2006	27	30	33	33	34	31.5	28.5	28	29	28.5	28	26	356.5	29.7	12
2007	26.5	30	30	32	32	33	28.5	28	29	29	27	28	353	29.4	12
2008	27	29	30	33	34	31	29	30	28.5	27	27	27	352.5	29.4	12
2009	27	31	30	32	34	33	31	31	28	30	26	26	359	29.9	12
2010	27	26	29	31	34	33	27.5	28	28	29	28.5	25.5	346.5	28.9	12
2011	26.5	29	31	34	34.5	32	29	29	30	28	28	27	358	29.8	12
2012	26.5	29	29	32	34	32	29	29	29	29	26	26	350.5	29.2	12
2013	28	28	29	32.5	33	33	29	29	29	29	28	27.5	355	29.6	12
2014	27	30.5	36	33.5	33	35	31.5	31.5	31	29.5	27.5	27	373	31.1	12
2015	27	30	31	33	33.5	33	31.5	31.5	31	31	28.5	29	370	30.8	12
2016	27	30	34	35	38	32	32	31.5	31	30	28	27	375.5	31.3	12
2017	28	30	33	33	36	35	31	32	31	29	29	26	373	31.1	12
2018	25	29.5	33	36	38.5	37	32	31	29	27	27	24	369	30.8	12
2019	26.5	31	34	34	35	36	33	31.5	30	29	28	26	374	31.2	12
2020	26	31	34	35	34	35	32	30.5	31	30	29		347.5	31.6	11
MÍNIMA	24	24	27	29	29	29	26	27	25.5	26	25	24	312.5	28.2	
MÁXIMA	32	35	38	39	40	39	35.5	36.5	31	31	30	29	383.5	33.1	
MEDIA	26.7	28.7	31.3	33.4	34.5	33.2	30	29.7	29.1	28.8	27.7	26.6	357.5	30	
DESV.ST	1.2	1.8	2.1	1.9	2.2	2	1.8	1.6	1.2	1.2	1.2	1.1	13.3	1	

TEMPERATURA MÁXIMA PROMEDIO
AÑO	ENE	FEB	MAR	ABR	MAY	JUN	JUL	AGO	SEP	OCT	NOV	DIC	ACUM	PROM	MESES
1967		30.2	28.5	31.5	32.8	31.8	31.2	28.9	25.6	24.9	25.4	23.3	314.1	28.6	11
1968	23.6	23.1	26.1	29.5	31.2	28.3	26.5	27	25.6	25.9	25.1	22.6	314.5	26.2	12
1969	23.7	25.9	28	31	31.7	31.4	27.4	25.9	26	27	24.9	23.7	326.6	27.2	12
1970	23	23.7	28.4	32.1	31.1	28.3	26.4	26.3	25.5	27.2	24.3	24.7	321	26.8	12
1971	24.9	25.6	28.4	29.8	31.5	26.4	29	27.8	26.3	25.1	24.8	24.6	324.2	27	12
1972	23.7	25.4	28.1	35	36.1	31.7	25.9	26.8	27.5	26.6	25.8	24	336.6	28	12
1973	27.9	30.6	34.3	30.9	31.9	28.4	25.9	25.1	26	24.9	25.2	22.7	333.8	27.8	12
1974	24.2	24.9	28.6	29.4	31	27.8	24.9	26.3	25.2	23.8	24.4	24.1	314.6	26.2	12
1975	22.2	25.2	28.7	32.4	31.1	27.4	25.2	25.6	24.5	25.1	25.1	23.6	316.1	26.3	12
1976	23.4	24.7	28.5	29.8	29.8	28.9	24.9	25.1	25.6	24	21.6	22	308.3	25.7	12
1977	24.7	24.5	29.2	26.1	30.2	27.6	26.5	27	26	25.9	23.1	23.2	314	26.2	12
1978	22.3	21.6	25.4	29	30.7	27.5	27.2	25.9	24.9	24	25.1	23.9	307.5	25.6	12
1979	23.8	24.1	27.3	29.9	31	28.7	27	26.1	24.8	26.8	24.5	22.6	316.6	26.4	12
1980	23.9	23.5	27.4	28.8	30.5	28.7	27.8	26.5	25.8	24.8	23.5	22.9	314.1	26.2	12
1981	22.2	23.1	25.6	27.8	29.5	28.1	25.8	26.4	26	25.4	24.3	23.2	307.4	25.6	12
1982	24.1	25.3	27.6	30.3	29.5	30.7	27.3	27.3	27.1	25.5	25.3	23.7	323.7	27	12
1983	21.7	23.4	26.1	30.1	30.9	30.5	25.3	26	25.3	25.1	23.8	23.8	312	26	12
1984	24.6	25.4	26.9	27.7	28.1	27.6	24.2	24.7	22.9	25.2	25.2	24	306.5	25.5	12
1985	22.6	25	26.9	28.6	29.6	25.9	24.5	25.5	26.9	25.7	24.5	23.6	309.3	25.8	12
1986	22.8	24.5	24.8	30	30.7	25.7	25.3	26.3	26.5	24		22.9	283.5	25.8	11
1987	23.2	24	25.7	27.6	29.2	27.6	25.8	27.3	28.3	26.5	24.4	25.5	315.1	26.3	12
1988	23	25.6	25.9	28.9	32.4	29.7	26.5	25.6	25.5	25.6	26.8	25.4	320.9	26.7	12
1989	25.7	24.7	27	30.3	31.7	29.6	27.1	25.5	25	23.6	23.5	21.7	315.4	26.3	12
1990	23.7	22.9	24.8	26	27	27.9	25.1		26	26.1	26	25.9	281.4	25.6	11
1991	25.1	25.1	26	26.5	27.9	27	24.8	26	23.8	23.1	22.2	22.8	300.3	25	12
1992	19.1	19.1	22.7	24.9	26.2	27.8	27.3	26.5	26	24.7	23.4	24.5	292.2	24.4	12
1993	23.6	25.5	26.5	28.6	29.7	28.8	26.7	27.5	26.1	25.9	25.8	25.1	319.8	26.6	12
1994	23.8	26.2	28.9	28.7	31.1	27.7	28.3	26.7	26	26.7	26.9	25.6	326.6	27.2	12
1995	23.9	26	28.5	30.4	31.8	29.7	27.4	26.8	26.9	26.5	25.5	22.5	325.9	27.2	12
1996	24.4	26.5	27.3	30.3	32.1	28.6	28.3	26.6	26.6	25.5	24.4	24.3	324.9	27.1	12
1997	22.5	25	26.3	26.2	28.6	29.4	28.2	28.3	27.8	25.9	25.2	23.5	316.9	26.4	12
1998	23.3	24.8	28.4	31.5	33.5	31.6	28.2	26.8	25.9	23.9	25.6	23.7	327.2	27.3	12
1999	23.2	25	27.3	30.2	31.6	29.1	26.1	27.1	25.6	24.3	23.5	21.9	314.9	26.2	12
2000	23.7	25.9	27.9	29.2	29.5	26.4	27.8	26.2	26.9	26.2	25.3	22.5	317.5	26.5	12
2001	23.7	25.2	26.7	30.4	29.1	27.3	27.5	27.8	25.9	24.6	23.6	23	314.8	26.2	12
2002	23.6	23.5	27.9	30.2	30.9	28	25.8	26.4	24.6	25.9	22.7	22.5	312	26	12
2003	21.6	26.4	27.8	30.2	31.7	27.5	26.1	26.2	25	24.7	24.3	21.8	313.3	26.1	12
2004	20.3	23.8	26.3	27.7	28.9	25.6	26.1	26.2	26.1	26.3	24.9	22.4	304.6	25.4	12
2005	22.4	24.4	26.2	30.2	29.8	30	26.8	26.2	26.2	25.4	24.5	23.7	315.8	26.3	12
2006	23.9	25.7	27.9	30.4	29.1	27.3	26.4	25.8	25.8	24.9	22.7	22.3	312.2	26	12
2007	22.8	24.2	26.7	29.3	29.2	27.8	26.1	25.6	25.5	24.5	24.4	24.6	310.7	25.9	12
2008	23.1	25.6	26.1	29.7	29.4	26.9	25.4	25.8	23.3	24.4	23.5	23.6	306.8	25.6	12
2009	23.9	25.6	27.1	29.1	29.3	28.9	28.1	27.6	25.4	25.3	23.4	22.6	316.3	26.4	12
2010	19.8	22.2	26.2	27.9	31.2	29.7	24.6	26	25.3	25.2	23.9	22.8	304.8	25.4	12
2011	23.9	26.2	27.8	30.5	32	28.1	26	27	25.4	25.1	23.8	24.4	320.2	26.7	12
2012	22.4	22	26.7	28.2	31.1	28.1	25.6	25.7	25.7	26.6	23.1	23.3	308.5	25.7	12
2013	23	26.3	25.4	29.8	29.2	28	25.7	25.9	24.7	25.7	23.5	21.7	308.9	25.7	12
2014	22.2	26.4	28.2	30.1	26.3	28.3	28.1	29.2	27.4	26.6	24	21	317.8	26.5	12
2015	23	24	25.4	29.4	30.1	28.3	28.2	29	28.1	26.4	25.7	25.5	323.1	26.9	12
2016	22.1	24.7	26.9	31.1	33.9	27.8	28.4	26.8	27.3	26	22.1	23.9	321	26.8	12
2017	24.2	26.4	28.4	30.7	33.5	31.8	28.2	29.2	26.7	25	25.2	22.7	332	27.7	12
2018	21.4	25.4	30.6	31.3	32.5	28.5	28.9	27.9	26.9	25.3	22.2	21.8	322.7	26.9	12
2019	23	26.8	29.9	31.2	33.2	30.4	28.3	29.2	27.4	26	24.4	22.5	332.3	27.7	12
2020	22.1	25.3	29.4	33.1	31.6	30.3	29.1	28	27.1	27.7	25.3		309	28.1	11
MÍNIMA	19.1	19.1	22.7	24.9	26.2	25.6	24.2	24.7	22.9	23.1	21.6	21	281.4	24.4	
MÁXIMA	27.9	30.6	34.3	35	36.1	31.8	31.2	29.2	28.3	27.7	26.9	25.9	336.6	28.6	
MEDIA	23.2	24.9	27.3	29.6	30.6	28.5	26.8	26.7	25.9	25.4	24.4	23.4	315	26.4	
DESV.ST	1.4	1.8	1.7	1.8	1.9	1.5	1.4	1.1	1.1	1	1.2	1.1	10.7	0.8	

TEMPERATURA MÍNIMA EXTREMA
AÑO	ENE	FEB	MAR	ABR	MAY	JUN	JUL	AGO	SEP	OCT	NOV	DIC	ACUM	PROM	MESES
1967		5	4.5	7.5	10	7.5	11.5	10.5	8.5	4	4	0.5	73.5	6.7	11
1968	0.5	-1	2	7	6	10.5	10	10	8.5	1.5	1	2	58	4.8	12
1969	-1	2	4	3.5	6.5	11	7	10	8	2.5	-1.5	-0.1	51.9	4.3	12
1970	-0.2	0	2	7.5	8	6	10	8	10	5	-3	0	53.3	4.4	12
1971	0	-2	2	2	8	10	5	5	5	6	2	3	46	3.8	12
1972	2	-1	3	6.5	10	10	9	8.5	8	7	6	-3	66	5.5	12
1973	-2	1	5	5	10	10	10	7.5	9.5	8	-1	0	63	5.2	12
1974	1.5	2	1	5	10	9	4	8	4.5	6	-1.5	2	51.5	4.3	12
1975	-5	1	3.5	8.5	8.5	10	10	9.5	3.5	4	1.5	-2	53	4.4	12
1976	-2	-6	3.5	6	9	8.5	10	10	9.5	7	3.5	3.5	62.5	5.2	12
1977	1.5	2	3.5	6	8.5	6.5	8.5	9.5	9	7.5	2.5	-1	64	5.3	12
1978	1.5	1.5	0.5	8.5	10.5	12	12	10	11	6	5	4	82.5	6.9	12
1979	0	5.5	5.5	9	8	8.5	12.5	11	2.5	3.5	1.5	3.5	71	5.9	12
1980	1	1	2	9	12.5	12	10.5	12.5	10.5	7.5	2.5	0	81	6.8	12
1981	0	3	6	9	9	10.5	10.5	11	8.5	8.5	0.5	2.5	79	6.6	12
1982	2	1	6	10.5	11	11	11.5	10.5	9	5.5	4	0	82	6.8	12
1983	0	0	1	5.5	10.5	12	10.5	8	10	7	5	-1	68.5	5.7	12
1984	0	2.5	5	8.5	9	9.5	10	10.5	9	8	2.5	-1	73.5	6.1	12
1985	-3	3.5	5.5	8.5	10	10	7.5	10	7.5	4	1.5	2	67	5.6	12
1986	-3	-1	-1	6	10	12	10.5	10	10	6		1	60.5	5.5	11
1987	0	1	0	3.5	8	11	11	10	9.5	3	1.5	1.5	60	5	12
1988	-3.5	1	3	8.5	10	10.5	12	12	4	6	0	2.5	66	5.5	12
1989	3	1	1.5	0.7	6	5	6	5	5	5	5	-1	42.2	3.5	12
1990	0	1.5	2	2.5	4.5	5	4.5		5	5	3	2	35	3.2	11
1991	3	4	4.5	5	6.5	5	4	5	2	3.5	-2	-3	37.5	3.1	12
1992	-3	-4	1.5	1.5	3	4	5	10	7	4	2.5	0	31.5	2.6	12
1993	3	2	1.5	6	8	10	10	10	10	6	3	1.5	71	5.9	12
1994	-1	4.5	4.5	7	9.5	9	9	10.5	6	6.5	4	5	74.5	6.2	12
1995	0	4	4	7.5	11	11.5	11	11	6.5	2	0	2.5	71	5.9	12
1996	-2.5	1.5	2	6.5	10	10	10	11	10	5	0	2	65.5	5.5	12
1997	-2	3	4.5	6.5	8.5	10	10	9.5	9.5	0	2.5	-3.5	58.5	4.9	12
1998	-1	-4.5	2	6.5	7	10	10	10.5	11.5	8.5	5	1.5	67	5.6	12
1999	-1.5	-1	5.5	6	9	9.5	10	10	8	0	-1	0	54.5	4.5	12
2000	-1.5	-1	3	6	10	11.5	9.5	9.5	9	7.5	4	0	67.5	5.6	12
2001	1.5	3.5	3	5	8.5	11	11	11	9	2	2.5	2	70	5.8	12
2002	0	0	1	9	9	10.5	10	10	8	9	-2.5	0	64	5.3	12
2003	0.5	2.5	4	6	11	11.5	10	10.5	11.5	7	2	-2	74.5	6.2	12
2004	0	-1	5	6	9	10.5	10.5	11	11	7.5	2	0.5	72	6	12
2005	2	3	2.5	6	6	12	11	10	5.5	4	0	0	62	5.2	12
2006	0	3	4	6	8	9	10.5	10	10	3	0	0	63.5	5.3	12
2007	3	2.5	4	10.5	10.5	8.5	10.5	9	8	2.5	2	3	74	6.2	12
2008	0	3	2	7	9	9	8	10.5	6.5	5	1	0	61	5.1	12
2009	0	1	1	7	8	10	9	9	11	8	2	1	67	5.6	12
2010	2	4	3	6	6	11.5	12	11	6	4	0	0	65.5	5.5	12
2011	1	4	4	6	10	10.5	11	10	4	0	0	0	60.5	5	12
2012	1	5	4	5.5	6.5	8	11	10	8	4	4	1	68	5.7	12
2013	2.5	3	-2	7	7	9	9.5	9	9.5	6	3	2.5	66	5.5	12
2014	1	3	6	7.5	7	13	12	12.5	12.5	7	3	4.5	89	7.4	12
2015	4	2	5	10	12	11	11	12.5	11.5	7.5	9	5.5	101	8.4	12
2016	1.5	2	2	8	9.5	13	13.5	11	10	8	6	4	88.5	7.4	12
2017	2	4	6	7	11	12	12	13	9	5	2	1	84	7	12
2018	1	6	8	10	11	12	12	13	13	12	3	0	101	8.4	12
2019	3	4	8	8	10	12	13	12	11	12	10	2	105	8.8	12
2020	1	4	8	10	11	10	11	13	7	6	6		87	7.9	11
MÍNIMA	-5	-6	-2	0.7	3	4	4	5	2	0	-3	-3.5	31.5	2.6	
MÁXIMA	4	6	8	10.5	12.5	13	13.5	13	13	12	10	5.5	105	8.8	
MEDIA	0.3	1.7	3.4	6.7	8.8	9.9	9.8	10	8.3	5.5	2.2	1	67.3	5.6	
DESV.ST	1.9	2.5	2.1	2.2	1.9	2.1	2.2	1.8	2.6	2.6	2.6	2	15.1	1.3	

TEMPERATURA MÍNIMA PROMEDIO
AÑO	ENE	FEB	MAR	ABR	MAY	JUN	JUL	AGO	SEP	OCT	NOV	DIC	ACUM	PROM	MESES
1967		7.5	7.1	10.6	13.4	14.3	13.4	13.4	13.1	9.3	6.8	4.6	113.5	10.3	11
1968	3.3	3.9	5.5	10.6	11.6	13.4	12.9	12.5	13	9.7	6.2	5.3	107.9	9	12
1969	4.4	6.4	9.5	10.5	12.4	14.7	13.4	13.2	12.8	9.7	6.2	4.5	117.7	9.8	12
1970	3.2	5.5	7.8	11.7	11.7	12.8	12.6	12.2	12.5	9.3	2.6	2.6	104.5	8.7	12
1971	3.1	2.5	6.7	7.9	12.2	12.9	8.6	7.3	7.5	10.5	6.1	5.4	90.7	7.6	12
1972	4.3	3.7	6.3	10.8	12.7	13.1	12.2	12.3	12.3	11	9.7	4.3	112.7	9.4	12
1973	2.5	5	8.5	10.5	13.2	13.2	12.5	12.8	12.2	10.4	5.8	2.5	109.1	9.1	12
1974	3.9	4.3	6	9.9	12.3	12.9	11	11.4	10.1	8.3	5	4.9	100	8.3	12
1975	3.4	4.5	7.2	11.6	12.8	13	12.1	12.5	10.5	8.6	4.9	2.2	103.3	8.6	12
1976	1.8	1.7	7.3	10.4	11.7	12.3	12.4	11.6	12.1	10.2	7.4	6.2	105.1	8.8	12
1977	5.3	4	7.7	9	11.6	12.5	12	12	12.1	10.2	6.9	4.5	107.8	9	12
1978	4.2	5.1	6.9	11.5	14.1	13.8	14.6	12.4	13.4	10	8.6	7	121.6	10.1	12
1979	5.2	7.8	8.4	11.3	12.7	13.9	14.8	13.4	11.6	7.2	7	5.8	119.1	9.9	12
1980	3.7	4.1	7.6	11.6	15.8	15.6	14.4	14.4	13.5	11.3	5.8	4.2	122	10.2	12
1981	3	6	7.9	11	12.5	13.6	13	12.9	11.8	11.6	4.3	5.7	113.3	9.4	12
1982	4.9	5.4	9	12.8	14	14.6	13.3	12.8	12.6	11	5.9	5.9	122.2	10.2	12
1983	4.3	2.3	5.1	10.1	13	14	12.9	12	12.3	10	8.3	4.8	109.1	9.1	12
1984	5.3	5	7.7	11.6	12.5	12.4	11.9	11.9	11.2	9.8	6	4.7	110	9.2	12
1985	3.7	5	8.4	10.6	12	13.2	12.2	12.1	10.4	8.7	5.4	4	105.7	8.8	12
1986	2.1	3.6	3.5	9.8	12.5	13.6	12.3	12.1	12.6	11		4.4	97.5	8.9	11
1987	2.6	3.3	6.4	9.3	11.4	12.6	14	13	12.2	7.6	5.1	4.7	102.2	8.5	12
1988	2.6	4.4	7.7	10.9	12.9	12.8	14	13.8	11.4	8.8	4.8	4.4	108.5	9	12
1989	4.6	4.8	5.2	7.6	8.7	8.2	8.5	7.4	7.9	6.7	7.1	5.6	82.3	6.9	12
1990	2	2.3	4.5	5.7	7.1	6.5	6.7		6.7	7.2	6.7	6.1	61.5	5.6	11
1991	5.6	6.5	7.1	7.6	9.3	8.4	6.4	6.6	6.2	5.2	2.3	2	73.2	6.1	12
1992	1.3	1.1	5	6.7	7.8	9.2	10.4	11.7	11.8	9.4	7.7	5.8	87.9	7.3	12
1993	6	4.8	6.8	9.7	10.9	13.1	12.3	12.5	12.3	9.5	7.6	5.6	111.1	9.3	12
1994	4.4	6.6	8.4	10.6	12.3	12.5	11.6	12.3	11.4	10.4	8.1	8	116.6	9.7	12
1995	5.2	7.2	8.4	10.3	13.6	13.4	12.6	13.3	12.3	8.1	7.9	5.5	117.8	9.8	12
1996	2.4	5.2	7	8.8	12.5	12.7	12.2	12.3	12.5	9.1	5	5.1	104.8	8.7	12
1997	2.9	6.1	8	9.2	10.4	12.9	11.8	11.6	11.4	8	7.5	3.2	103	8.6	12
1998	2.4	1.8	6.4	9.1	11.1	13.5	12.5	12.3	13.6	11.3	8	4.2	106.2	8.8	12
1999	2.2	5	7.6	9.6	11.3	12.6	12.1	12	11.1	8	4.3	2.8	98.6	8.2	12
2000	2.4	4.6	6.7	10.7	13.1	13.7	11.9	12.6	12.3	10.4	8.3	4	110.7	9.2	12
2001	4.9	6.5	7.2	10.9	12.1	13.4	12.7	13	12.4	8.5	5.9	5.4	112.9	9.4	12
2002	3.4	5.7	7.5	11.2	13.1	12.9	13.1	12.3	12.7	11.3	6.3	4.7	114.2	9.5	12
2003	4.6	5.9	8	11.1	13.4	14	12.4	12.7	13.8	11.1	7.9	2.3	117.2	9.8	12
2004	5	4.1	9.1	9.7	12.4	13.4	12.3	12.9	12.9	11.2	6.2	4.5	113.7	9.5	12
2005	4.5	6.4	6.5	10.8	10.5	14	13.4	13.2	12.1	10	5.6	4	111	9.2	12
2006	3.8	5.8	7	9.8	11	11.9	12.5	12.7	12.7	10.5	6.5	3.6	107.8	9	12
2007	5.5	5.7	7.1	12.3	12.4	12.7	12.6	11.5	11.8	8.5	5.8	5.2	111.1	9.3	12
2008	3.6	5.2	6.2	9.5	11.1	11.3	11.3	12.5	12.4	9.2	5	3	100.3	8.4	12
2009	4.3	5	6.6	9.3	11.7	13.1	12.1	12.5	13.6	11.5	5.7	5.3	110.7	9.2	12
2010	4.4	5.7	6.6	9.3	11.1	13.5	14.3	13.3	12.9	7.1	4	1.4	103.6	8.6	12
2011	3.7	5.3	6.7	10.9	12.6	13	13.4	12.3	10.2	7	5.3	4.1	104.5	8.7	12
2012	3.9	7.2	7.4	8.6	10.2	11.9	12.7	12.5	11.3	8.4	7	4.2	105.3	8.8	12
2013	5.2	5.5	5.9	10.6	11.5	12.3	12	11.7	12.4	10.3	9.1	7.6	114.1	9.5	12
2014	4.8	6.5	10.3	11.5	13.1	15.4	14.4	14	15	12.3	9.9	7.6	134.8	11.2	12
2015	7	7.8	10.2	12.9	14.4	15.2	14.2	14	14.7	12.9	12	8.5	143.8	12	12
2016	5.7	5.6	9.7	11.9	15.4	15.4	15	15	14.2	12.5	10.4	8.3	139.1	11.6	12
2017	4.8	7.2	9.9	11.3	15.2	15.3	14.7	14.9	13.7	11.6	7.3	5.3	131.2	10.9	12
2018	5	9.6	10.9	12.6	14.5	15.2	13.8	14.3	14.4	14.1	9.1	6.2	139.7	11.6	12
2019	6.9	8.3	10.7	11.9	14.8	15.5	14.5	14.7	13.7	13.7	11.7	5.9	142.3	11.9	12
2020	6.6	8.6	11.9	14	13.7	14.9	14.9	15.1	14	9.7	8.5		131.9	12	11
MÍNIMA	1.3	1.1	3.5	5.7	7.1	6.5	6.4	6.6	6.2	5.2	2.3	1.4	61.5	5.6	
MÁXIMA	7	9.6	11.9	14	15.8	15.6	15	15.1	15	14.1	12	8.5	143.8	12	
MEDIA	4.1	5.3	7.5	10.4	12.2	13.1	12.5	12.5	12.1	9.8	6.8	4.9	110.5	9.3	
DESV.ST	1.3	1.8	1.6	1.5	1.7	1.8	1.8	1.6	1.8	1.8	2	1.6	15.3	1.3	

TEMPERATURA MEDIA MENSUAL
AÑO	ENE	FEB	MAR	ABR	MAY	JUN	JUL	AGO	SEP	OCT	NOV	DIC	ACUM	PROM	MESES
1967		18.8	17.8	21.1	23.1	23.1	22.3	21.1	19.3	17.1	16.1	14	213.8	19.4	11
1968	13.5	13.5	15.8	20.1	21.4	20.8	19.7	19.7	19.3	17.8	15.6	14	211.2	17.6	12
1969	14	16.1	18.7	20.7	22	23.1	20.4	19.5	19.4	18.4	15.5	14.1	221.9	18.5	12
1970	13.1	14.6	18.1	21.9	21.4	20.5	19.5	19.2	19	18.2	13.5	13.6	212.6	17.7	12
1971	14	14	17.5	18.8	21.8	19.7	18.8	17.5	16.9	17.8	15.5	15	207.3	17.3	12
1972	14	14.5	17.2	22.9	24.4	22.4	19.1	19.5	19.9	18.8	17.8	14.1	224.6	18.7	12
1973	15.2	17.8	21.4	20.7	22.6	20.8	19.2	19	19.1	17.7	15.5	12.6	221.6	18.5	12
1974	14	14.6	17.3	19.6	21.6	20.3	17.9	18.8	17.7	16.1	14.7	14.5	207.1	17.3	12
1975	12.8	14.9	17.9	22	22	20.2	18.7	19.1	17.5	16.9	15	12.9	209.9	17.5	12
1976	12.6	13.2	17.9	20.1	20.7	20.6	18.6	18.4	18.8	17.1	14.5	14.1	206.6	17.2	12
1977	15	14.3	18.4	17.5	20.9	20	19.2	19.5	19	18.1	15	13.9	210.8	17.6	12
1978	13.2	13.4	16.1	20.2	22.4	20.7	20.9	19.1	19.1	17	16.8	15.5	214.4	17.9	12
1979	14.5	15.9	17.9	20.6	21.9	21.3	20.9	19.7	18.2	17	15.8	14.2	217.9	18.2	12
1980	13.8	13.8	17.5	20.2	23.1	22.2	21.1	20.4	19.7	18.1	14.6	13.6	218.1	18.2	12
1981	12.6	14.5	16.8	19.4	21	20.8	19.4	19.6	18.9	18.5	14.3	14.4	210.2	17.5	12
1982	14.5	15.4	18.3	21.5	21.7	22.7	20.3	20	19.8	18.2	15.6	14.8	222.8	18.6	12
1983	13	12.9	15.6	20.1	22	22.3	19.1	19	18.8	17.6	16	14.3	210.7	17.6	12
1984	14.9	15.2	17.3	19.7	20.3	20	18.1	18.3	17	17.5	15.6	14.3	208.2	17.4	12
1985	13.2	15	17.6	19.6	20.8	19.6	18.3	18.8	18.7	17.2	15	13.8	207.6	17.3	12
1986	12.5	14.1	14.1	19.9	21.6	19.7	18.8	19.2	19.5	17.5		13.6	190.5	17.3	11
1987	12.9	13.7	16	18.4	20.3	20.1	19.9	20.1	20.2	17.1	14.8	15.1	208.6	17.4	12
1988	12.8	15	16.8	19.9	22.6	21.2	20.2	19.7	18.4	17.2	15.8	14.9	214.5	17.9	12
1989	15.2	14.8	16.1	18.9	20.2	18.9	17.8	16.5	16.5	15.2	15.3	13.7	199.1	16.6	12
1990	12.9	12.6	14.7	15.9	17.1	17.2	15.9		16.3	16.6	16.3	16	171.5	15.6	11
1991	15.4	15.8	16.5	17.1	18.6	17.7	15.6	16.3	15	14.2	12.2	12.4	186.8	15.6	12
1992	10.2	10.1	13.9	15.8	17	18.5	18.9	19.1	18.9	17	15.5	15.1	190	15.8	12
1993	14.8	15.2	16.7	19.1	20.3	20.9	19.5	20	19.2	17.7	16.7	15.4	215.5	18	12
1994	14.1	16.4	18.7	19.6	21.7	20.1	19.9	19.5	18.7	18.5	17.5	16.8	221.5	18.5	12
1995	14.6	16.6	18.4	20.3	22.7	21.5	20	20	19.6	17.3	16.7	14	221.7	18.5	12
1996	13.4	15.9	17.2	19.5	22.3	20.7	20.2	19.5	19.5	17.3	14.7	14.7	214.9	17.9	12
1997	12.7	15.5	17.2	17.7	19.5	21.1	20	20	19.6	17	16.4	13.3	210	17.5	12
1998	12.8	13.3	17.4	20.3	22.3	22.5	20.3	19.6	19.7	17.6	16.8	14	216.6	18	12
1999	12.7	15	17.4	19.9	21.5	20.8	19.1	19.5	18.3	16.1	13.9	12.3	206.5	17.2	12
2000	13	15.3	17.3	20	21.3	20	19.8	19.4	19.6	18.3	16.8	13.3	214.1	17.8	12
2001	14.3	15.8	17	20.6	20.6	20.3	20.1	20.4	19.2	16.5	14.8	14.2	213.8	17.8	12
2002	13.5	14.6	17.7	20.7	22	20.4	19.4	19.4	18.7	18.6	14.5	13.6	213.1	17.8	12
2003	13.1	16.1	17.9	20.7	22.6	20.7	19.3	19.4	19.4	17.9	16.1	12.1	215.3	17.9	12
2004	12.7	14	17.7	18.7	20.7	19.5	19.2	19.5	19.5	18.8	15.6	13.4	209.3	17.4	12
2005	13.4	15.4	16.3	20.5	20.1	22	20.1	19.7	19.2	17.7	15.1	13.8	213.3	17.8	12
2006	13.9	15.8	17.5	20.1	20	19.6	19.5	19.3	19.2	17.7	14.6	13	210.2	17.5	12
2007	14.2	15	16.9	20.8	20.8	20.2	19.4	18.6	18.7	16.5	15.1	14.9	211.1	17.6	12
2008	13.4	15.4	16.2	19.6	20.3	19.1	18.4	19.2	17.8	16.8	14.2	13.3	203.7	17	12
2009	14.1	15.3	16.9	19.2	20.5	21	20.1	20	19.5	18.4	14.6	13.9	213.5	17.8	12
2010	12.1	14	16.4	18.6	21.1	21.6	19.5	19.6	19.1	16.1	14	12.1	204.2	17	12
2011	13.8	15.8	17.2	20.7	22.3	20.5	19.7	19.7	17.8	16	14.5	14.3	212.3	17.7	12
2012	13.1	14.6	17	18.4	20.6	20	19.1	19.1	18.5	17.5	15	13.7	206.6	17.2	12
2013	14.1	15.9	15.6	20.2	20.4	20.2	18.8	18.8	18.6	18	16.3	14.7	211.6	17.6	12
2014	13.5	16.5	19.2	20.8	19.7	21.8	21.3	21.6	21.2	19.5	17	14.3	226.4	18.9	12
2015	15	15.9	17.8	21.1	22.2	21.8	21.2	21.5	21.4	19.6	18.9	17	233.4	19.4	12
2016	13.9	15.2	18.3	21.5	24.6	21.6	21.7	20.9	20.7	19.3	16.3	16.1	230.1	19.2	12
2017	14.5	16.8	19.1	21	24.4	23.5	21.4	22	20.2	18.3	16.3	14	231.5	19.3	12
2018	13.2	17.5	20.7	21.9	23.5	21.8	21.3	21.1	20.6	19.7	15.7	14	231	19.2	12
2019	14.9	17.6	20.3	21.6	24	22.9	21.4	21.9	20.5	19.9	18	14.2	237.2	19.8	12
2020	14.3	16.9	20.6	23.5	22.6	22.6	22	21.6	20.6	18.7	16.9		220.3	20	11
MÍNIMA	10.2	10.1	13.9	15.8	17	17.2	15.6	16.3	15	14.2	12.2	12.1	171.5	15.6	
MÁXIMA	15.4	18.8	21.4	23.5	24.6	23.5	22.3	22	21.4	19.9	18.9	17	237.2	20	
MEDIA	13.6	15.1	17.4	20	21.4	20.8	19.6	19.6	19	17.6	15.6	14.1	212.7	17.8	
DESV.ST	1	1.4	1.5	1.5	1.5	1.3	1.3	1.1	1.2	1.1	1.2	1	11.4	0.9	
