 COMISIÓN NACIONAL DEL AGUA
 COORDINACIÓN GENERAL DEL SERVICIO METEOROLÓGICO NACIONAL
 PROYECTO DE BASES DE DATOS CLIMATOLÓGICOS

 ESTACIÓN  : 22067 
 NOMBRE    : LA VENTA 



LLUVIA MÁXIMA 24H
AÑO	ENE	FEB	MAR	ABR	MAY	JUN	JUL	AGO	SEP	OCT	NOV	DIC	ACUM	PROM	MESES
1984						16	21	20	20	9	2	0	88	12.6	7
1985	2	1	6	10	20		31.3	20	7.5	4	5.2	2.5	109.5	10	11
1986	0	4	0	5.8	20	46.7	34.5	38.5	51	49	23.5	0	273	22.8	12
1987	0		0	15.5	41.8	9	26	26.5	20	0	5.8	0	144.6	13.1	11
1988	0	0	0	42.8	0	22.5	46	18.5	8	0	0	0	137.8	11.5	12
1989	0	0	0	1	26	81	15	34.8	9.5		5		172.3	17.2	10
1990	6.5	21	31.5	1.5	18	27	31.5		31.5	21	1.5	1.5	192.5	17.5	11
1991	0	0	0	0	1	47	40	14	31	16			149	14.9	10
1992	40	6	14										60	20	3
1993		2	1.5	0	3	34	42	23			17	0	122.5	13.6	9
1994	0	0	0	16		33	5	35	7	18.7	11.3	1.1	127.1	11.6	11
1995	2	3			15	0		18	21	4			63	9	7
1996	0	0	0	0	0	7	4	20	32	36	0	0	99	8.2	12
1997	0	0		28	8	18	42.2	21.4	34		0	0	151.6	15.2	10
1998	1												1	1	1
2000	0	0	0	0.6	0	38		26		6.5	10.5	2	83.6	8.4	10
2001	11	15	2.7	6	3.5	33	29.5	56.5	22.4	18.9	4.3	5	207.8	17.3	12
2002	15.3	4.6	0	15	6.2	12	37	24.7	46	38	19	0	217.8	18.1	12
2003	4	0	0	0	4.5	18.3	43	58	47		0	0	174.8	15.9	11
2004	46	0	11	4	29	50	24	42	24	21	0	0	251	20.9	12
2005	4.5	1.5	0	7	13	1	20	33	19	9.5	0	0	108.5	9	12
2006	18.2	2.4	10.1	60	22.7	16.8	40	46.5	43.5	25.5	6	0	291.7	24.3	12
2007	7.5	29											36.5	18.2	2
2015	18.2	2.4	10.1	60	22.7	16.8	40	46.5	43.5				260.2	28.9	9
2016		29	2	5	8	8	86	40.5	25.6	13.4	5	7	229.5	20.9	11
2017		0	0	0	13.7	7.3	9	1.2	17.6	4.2	1.4	0	54.4	4.9	11
2018	0.3	0	0	5.2	0	7.1	8.3	2.4	10.9	0	0	0	34.2	2.9	12
2019	0	0	0	0	0	10	0	0	1	1.8	0	3.8	16.6	1.4	12
MÍNIMA	0	0	0	0	0	0	0	0	1	0	0	0	1	1	
MÁXIMA	46	29	31.5	60	41.8	81	86	58	51	49	23.5	7	291.7	28.9	
MEDIA	7.4	4.8	3.9	12.3	12	23.3	29.4	27.8	24.9	14.8	5.3	1.1	137.8	13.9	
DESV.ST	12.5	8.8	7.4	18.3	11.5	19.2	18.8	15.9	14.4	13.9	6.9	2	81	6.9	

LLUVIA TOTAL MENSUAL
AÑO	ENE	FEB	MAR	ABR	MAY	JUN	JUL	AGO	SEP	OCT	NOV	DIC	ACUM	PROM	MESES
1984						58.5	91	72	80	13.5	2	0	317	45.3	7
1985	5.51	1	7.53	31.3	50.5		140.51	39.81	8.5	6	6.2	3.5	300.36	27.3	11
1986	0	6	0	25.3	38.1	187.9	138.2	69.5	72	132	51.4	0	720.4	60	12
1987	0		0	22.5	121.8	16	90.5	46.91	22.5	0	10.3	0	330.51	30	11
1988	0	0	0	51.5	0	60	202.7	61	15.02	0	0	0	390.22	32.5	12
1989	0	0	0	1	43	100	67.2	138.1	22.3		5		376.6	37.7	10
1990	13	41	33.5	1.5	74	40.5	33.5		113.5	65.3	1.5	1.5	418.8	38.1	11
1991	0	0	0	0	2	121.5	221.7	28	138.51	39.5			551.21	55.1	10
1992	79	23	29										131	43.7	3
1993		2	1.5	0	4.5	147	189	26			22	0	392	43.6	9
1994	0	0	0	21		126.5	11	89	14	34.8	11.3	1.1	308.7	28.1	11
1995	2	5.7			32	0		58	43.4	7			148.1	21.2	7
1996	0	0	0	0	0	25	7	58	92	44	0	0	226	18.8	12
1997	0	0		28	36	43	82.4	47.9	34		0	0	271.3	27.1	10
1998	2												2	2	1
2000	0	0	0	0.6	0	89		106.3		12	21.5	2	231.4	23.1	10
2001	11	26.5	2.7	22.5	13.8	121.9	122.1	149.4	43.3	44.3	7.7	6.7	571.9	47.7	12
2002	28.6	9.5	0	35.9	7.7	29.31	181.6	75.6	201.42	41.8	41.9	0	653.33	54.4	12
2003	5.5	0	0	0	10.8	69.8	171.3	124	264		0	0	645.4	58.7	11
2004	162.61	0	30.9	5.8	64.5	199.7	63.5	139	116	30.8	0	0	812.81	67.7	12
2005	4.5	1.5	0	9	13	1	105.2	104.3	38.2	23.9	0	0	300.6	25	12
2006	20.5	2.4	13.6	73.4	135.8	28.3	104.3	192.6	91	67	17	0	745.9	62.2	12
2007	12.5	35.5											48	24	2
2015	20.5	2.4	13.6	73.4	135.8	28.3	104.3	192.6	91				661.9	73.5	9
2016		35.5	3.5	10.5	28	23	302.4	125.3	90.4	33.4	9	7	668	60.7	11
2017		0	0	0	15.1	17.1	42.7	4.4	65.7	4.8	1.4	0	151.2	13.7	11
2018	0.3	0	0	5.2	0	17.1	37.7	5.4	58.4	0	0	0	124.1	10.3	12
2019	0	0	0	0	0	10.9	0	0	3.6	6.5	0	5.5	26.5	2.2	12
MÍNIMA	0	0	0	0	0	0	0	0	3.6	0	0	0	2	2	
MÁXIMA	162.61	41	33.5	73.4	135.8	199.7	302.4	192.6	264	132	51.4	7	812.81	73.5	
MEDIA	15.3	7.7	5.9	18.2	35.9	65.1	109.1	81.4	74.7	30.3	9.5	1.3	375.9	36.9	
DESV.ST	35.7	13.1	10.8	22.6	43.4	58.5	76.5	55.5	63.2	31.9	14	2.3	236.1	19.7	

EVAPORACIÓN MENSUAL
AÑO	ENE	FEB	MAR	ABR	MAY	JUN	JUL	AGO	SEP	OCT	NOV	DIC	ACUM	PROM	MESES
1985	70.88	13.83											84.71	42.4	2
1986											119.3	54.46	173.76	86.9	2
1987										189.31	126.38	129.7	445.39	148.5	3
1989					224.42	180.75	141.26	121.25			132.05		799.73	159.9	5
2001	122.4	135.05	223	203.8	220.27	209.57	170.1	208.74	160.93	158.48	128.82	111.53	2052.69	171.1	12
2002	146.9	98.98	191.94	161.79	181.16	196.14	195.78		118.02		106.3	123.81	1520.82	152.1	10
2003	125.98	166.22	204.63	186.5	235.23	196.8	169.64	167.04					1452.04	181.5	8
2004	207.24			181.51	179.89	167.05	175.28	201.61			134.65	97.42	1344.65	168.1	8
2005	129.45	103.68	136.13	193.42	208.39	198.4	222.12	149.98	156.52	140.91	127.22	95.13	1861.35	155.1	12
2006	143.54	118.3	179.74	153.38	206.46	178.59	159.86	209.22	141.18	169.04	108.63	112.52	1880.46	156.7	12
2007	122.94	116.88											239.82	119.9	2
2015	103.74	104.79	165.39	143.1	180.93	214.67	132.82	209.22	130.65				1385.31	153.9	9
2016		116.88	168.01	147.84	157.73	167.11	183.15	196.07	171.03	132.44	119.43	119.62	1679.31	152.7	11
2017		85.89	102	99.46	140.01	110.63	99.63	97.22	87.2	146.89	151.07	126.2	1246.2	113.3	11
2018	135.85	117.3	144.91	151.43	184.74	110.63	112.63	97.22	83.62	103.71	100.67	91.7	1434.41	119.5	12
2019	103.74	104.79	199.56	143.1	186.56	224.67	191.1	194.63	190.32	162.16	117.22	108.68	1926.53	160.5	12
MÍNIMA	70.88	13.83	102	99.46	140.01	110.63	99.63	97.22	83.62	103.71	100.67	54.46	84.71	42.4	
MÁXIMA	207.24	166.22	223	203.8	235.23	224.67	222.12	209.22	190.32	189.31	151.07	129.7	2052.69	181.5	
MEDIA	128.4	106.9	171.5	160.5	192.1	179.6	162.8	168.4	137.7	150.4	122.6	106.4	1220.4	140.1	
DESV.ST	33.8	35.6	36.3	29.5	27.9	36.8	35.6	45	36.6	25.8	13.9	21.5	663.6	35.8	

TEMPERATURA MÁXIMA EXTREMA
AÑO	ENE	FEB	MAR	ABR	MAY	JUN	JUL	AGO	SEP	OCT	NOV	DIC	ACUM	PROM	MESES
1984						31	29	28.5	29	30	28	25.9	201.4	28.8	7
1985	26	27	30	31	34		29	29	30	29.5	29	26	320.5	29.1	11
1986	27	29	30	34	36	30	29	29	30	28	27.5	26	355.5	29.6	12
1987	29		31	32	31	33	30	28	32	29	28	29	332	30.2	11
1988	28	31	31	34	34	33	29	28	32	29	30	26	365	30.4	12
1989	26	29	30	31	35	35	41	30	29		30		316	31.6	10
1990	29	29	31	32	34	32	31		28	29	28	29	332	30.2	11
1991	29	29	33	35	36	35	28	29	30	28			312	31.2	10
1992	27	29	33										89	29.7	3
1993		30	30	30	34	36	30	30			27	28	275	30.6	9
1994	31	30	33	34		25	26	26	25	29	29	28	316	28.7	11
1995	18	19			29	29		27	26	26			174	24.9	7
1996	14	18	19	23	26	23	23	31	31	33	32	31	304	25.3	12
1997	29	37		33	26	29	29	28	27		25	22	285	28.5	10
1998	21												21	21	1
2000	14	17	19	24	26	24		25		29	29	22	229	22.9	10
2001	26	28	31	33	33	31	30	31	29	28	27	26	353	29.4	12
2002	26	27	31	34	32	31	31	30	28	29	30	31	360	30	12
2003	25	29	32	32	36	31	29	29	29		28	26	326	29.6	11
2004	29	29	30	32	33	30	28	29	28	30	27	25	350	29.2	12
2005	25	25	27	33	33	34	29	29	29	28	29	25	346	28.8	12
2006	26	28	33	33	35	33	29	29	35	31	24	24	360	30	12
2007	27	29											56	28	2
2015	26	28	33	33	31	32	28	29	27				267	29.7	9
2016		29	27	28	29	30	29	28	29	28	25	29	311	28.3	11
2017		24	28	30	36	29	28	29	29	35	36	26	330	30	11
2018	26	29	30	29	33	33	32	32	30	28	30	32	364	30.3	12
2019	35	36	31	32	32	32	27	29	27	28	29	28	366	30.5	12
MÍNIMA	14	17	19	23	26	23	23	25	25	26	24	22	21	21	
MÁXIMA	35	37	33	35	36	36	41	32	35	35	36	32	366	31.6	
MEDIA	25.8	27.8	29.7	31.4	32.3	30.9	29.3	28.9	29.1	29.2	28.5	26.9	286.3	28.8	
DESV.ST	4.8	4.6	3.8	3	3.2	3.3	3.1	1.5	2.2	2	2.5	2.7	95.1	2.4	

TEMPERATURA MÁXIMA PROMEDIO
AÑO	ENE	FEB	MAR	ABR	MAY	JUN	JUL	AGO	SEP	OCT	NOV	DIC	ACUM	PROM	MESES
1984						27.1	23.7	25.1	23.7	26.3	23.6	24.1	173.6	24.8	7
1985	22.3	23.7	27.1	27.5	28.8		25	25.9	28.3	26.2	25.6	22.9	283.3	25.8	11
1986	22	24.9	25.8	29.8	29.9	26.2	25.7	27.1	27.4	24	24.1	22.4	309.3	25.8	12
1987	23.9		25.2	27.7	26.9	30.1	25.2	26.2	29	25.9	25	25.5	290.6	26.4	11
1988	24.6	26.5	27	29.1	31.4	29.4	26.6	26.2	29.1	25	26.4	23.6	324.9	27.1	12
1989	24.1	24	27.5	29.4	31.7	29	27.7	26.8	25.7		26.6		272.5	27.2	10
1990	25.1	23.9	27	29.7	30.4	28.5	27		25.5	24.4	24.7	24.5	290.7	26.4	11
1991	24.5	25.1	29.4	31.1	31.5	29.5	25	27.1	25.4	24.1			272.7	27.3	10
1992	19.6	22.1	27.5										69.2	23.1	3
1993		25.5	25.9	28.6	29.6	29	26.9	27			25.4	24.2	242.1	26.9	9
1994	26	27	29.1	28.8		21.4	20.9	21	21.8	26.7	25	23.4	271.1	24.6	11
1995	16	16.2			26	24.7		22.8	22.1	22.2			150	21.4	7
1996	9.3	11.8	15.5	17.5	21	21.2	20.9	25.2	27.4	26	27.2	27	250	20.8	12
1997	23.3	27.3		28	23.9	26.1	25.5	24.2	23.6		21.6	19.3	242.8	24.3	10
1998	17.6												17.6	17.6	1
2000	10.7	14	15.7	19.3	24.4	22.4		21.3		25.3	25.3	17.4	195.8	19.6	10
2001	22.1	25.5	27.1	29.5	28.6	26.6	26.7	26.7	26.4	23.9	22.3	23.2	308.6	25.7	12
2002	21	22.2	26.1	30.3	29.1	28.7	26.8	27.4	25.2	26.3	23.6	23.5	310.2	25.9	12
2003	21.8	26.3	27.9	29.2	31.6	27.9	26	27.2	27.3		25.8	23	294	26.7	11
2004	26	25.2	26.7	28.2	28.9	25.6	26.5	26.5	24.8	25.1	23.7	22.1	309.3	25.8	12
2005	22.2	22.1	23.2	29.9	30.2	30	27	26	25.8	25.4	25.6	23.4	310.8	25.9	12
2006	22.5	25.4	28.2	29.9	28.1	27.6	26	25.6	30.9	27.1	21.6	21.1	314	26.2	12
2007	23.1	24.8											47.9	24	2
2015	22.5	25.4	28.1	29.9	27.1	27.2	25	26	24.4				235.6	26.2	9
2016		24.8	24.1	25	26.3	26.6	25	24.3	23.8	21.6	22.7	23.8	268	24.4	11
2017		21.7	22.3	26.9	30	26.8	24.6	24.8	23.1	24.5	32.6	22.7	280	25.5	11
2018	20.9	24.6	26.9	26.4	27.9	28.8	25.7	27.6	24.1	21.2	25.2	26.2	305.5	25.5	12
2019	28	27.4	24.5	22.5	29.7	27.2	24.3	26	24.5	23.7	25.1	22.2	305.1	25.4	12
MÍNIMA	9.3	11.8	15.5	17.5	21	21.2	20.9	21	21.8	21.2	21.6	17.4	17.6	17.6	
MÁXIMA	28	27.4	29.4	31.1	31.7	30.1	27.7	27.6	30.9	27.1	32.6	27	324.9	27.3	
MEDIA	21.6	23.5	25.6	27.6	28.4	27	25.4	25.6	25.6	24.7	24.9	23.1	248	24.9	
DESV.ST	4.4	4	3.6	3.5	2.7	2.5	1.7	1.8	2.3	1.7	2.3	2.1	83.7	2.4	

TEMPERATURA MÍNIMA EXTREMA
AÑO	ENE	FEB	MAR	ABR	MAY	JUN	JUL	AGO	SEP	OCT	NOV	DIC	ACUM	PROM	MESES
1984						3	7	5	7	5	-1	-2	24	3.4	7
1985	-3	-3	3	1	5		4	8	5	1.5	-2	-2	17.5	1.6	11
1986	-8	-3	-5	5	7	10	6	5.5	7	-1	-1.5	2	24	2	12
1987	0		-5	0	6	4	9	10	5	-1	-3	-3	22	2	11
1988	-6	-1	1	3	6	6	9	9	6	2	-2	1	34	2.8	12
1989	3	-6	-5	2	5	5	6	7	2		1		20	2	10
1990	2	-1	0	4	5	8.8	5		5	1	-3	-6	20.8	1.9	11
1991	-1	-1	-2	1	8	9	6	6	4	0			30	3	10
1992	3	4	3										10	3.3	3
1993		0	2	4	5	8	8	8			1	0	36	4	9
1994	0	5	4	5		5	6	8	4	7	7	6	57	5.2	11
1995	1	4			7	8		8	5	3			36	5.1	7
1996	-4	-6	1	1	8	7	6	8	8	3	-2	-1	29	2.4	12
1997	-3	2		3	7	10	9	7	7		4	1	47	4.7	10
1998	2												2	2	1
2000	-3	-3	2	5	7	8		7		7	8	3	41	4.1	10
2001	1	2	4	7	5	10	10	9	10	5	4	2	69	5.8	12
2002	1	-1	1	8	7	9	10	10	10	10	4	1	70	5.8	12
2003	1	5	4	10	10	12	9	10	10		3	1	75	6.8	11
2004	10	0	6	7	6	8	10	10	10	9	1	3	80	6.7	12
2005	1	2	4	8	9	14	10	10	11	7	8	7	91	7.6	12
2006	6	6	7	7	6	7	8	8	9	5	0	3	72	6	12
2007	2	5											7	3.5	2
2015	6	6	7	7	6	7	8	8	9				64	7.1	9
2016		5	6	8	8	9	9	8	6	1	3	4	67	6.1	11
2017		13	14	15	13	11	12	13	9	6	8	-1	113	10.3	11
2018	-1	7	8	9	2	11	12	13	9	7	9	11	97	8.1	12
2019	14	14	12	13	12	14	12	12	12	12	10	3	140	11.7	12
MÍNIMA	-8	-6	-5	0	2	3	4	5	2	-1	-3	-6	2	1.6	
MÁXIMA	14	14	14	15	13	14	12	13	12	12	10	11	140	11.7	
MEDIA	1	2.2	3.1	5.8	7	8.5	8.3	8.6	7.4	4.5	2.6	1.6	49.8	4.8	
DESV.ST	4.8	5	4.9	3.8	2.4	2.8	2.3	2.1	2.6	3.7	4.2	3.7	34.2	2.6	

TEMPERATURA MÍNIMA PROMEDIO
AÑO	ENE	FEB	MAR	ABR	MAY	JUN	JUL	AGO	SEP	OCT	NOV	DIC	ACUM	PROM	MESES
1984						10.6	10.4	8.9	9	7.6	2.5	4.7	53.7	7.7	7
1985	2	3.1	6.1	6.9	8.5		10.1	9.9	7.9	7.2	2.1	2.7	66.5	6	11
1986	-1.1	1	1.7	7.9	9.6	11.9	9.4	9.1	9.9	8.1	5.2	3.4	76.1	6.3	12
1987	2.3		4.3	6.2	10	8.1	11.5	12.4	9.2	3.2	3.3	2.5	73	6.6	11
1988	-0.5	3.7	4.7	7.5	8.5	10.7	11	11	8.8	5.6	4.9	4.2	80.1	6.7	12
1989	3.6	2.6	2.5	5.2	7.4	9.8	9	10	8.7		4.2		63	6.3	10
1990	4.3	2.4	4.5	6.9	9.2	10	8.1		9.9	8.1	4.2	0.4	68	6.2	11
1991	2.9	3.1	5	7.7	9.6	11.2	11	9.3	10.2	6.5			76.5	7.7	10
1992	8.6	8.2	9.5										26.3	8.8	3
1993		3.7	5.8	6.5	8.1	11.6	10.6	9.6			4.9	3.6	64.4	7.2	9
1994	5.5	8.6	7.5	8.1		10.3	8.8	10.4	9.4	11.1	10.2	8.8	98.7	9	11
1995	4.1	5.2			10.7	10.1		11.2	8.9	6.7			56.9	8.1	7
1996	-1	0.6	3.2	5.5	10.8	10	10.1	11.2	11.5	7.7	3.5	3	76.1	6.3	12
1997	1.4	4.6		6.4	10	12.9	11.3	10.2	9.9		9.4	4.9	81	8.1	10
1998	4.4												4.4	4.4	1
2000	0.1	3.2	4.9	7.7	10.4	11		9.8		10.1	9.9	6.7	73.8	7.4	10
2001	5.3	5.6	7.7	11.7	11.2	12.6	12.2	12	11.8	9.1	6.3	4.8	110.3	9.2	12
2002	5.6	5.8	8.4	11.1	11	11.7	12.2	11.9	13	11.5	8.8	6.4	117.4	9.8	12
2003	4.7	6.9	8.1	12.6	13.7	14.5	12.2	12.8	12.3		8.2	4	110	10	11
2004	11.6	4.3	8.9	10	10.9	12.4	11.8	12.2	12	11.1	7	6.3	118.5	9.9	12
2005	5.4	5.3	7	14	12	15.6	13.1	12	12.6	11.6	11.5	9.5	129.6	10.8	12
2006	8.2	8.2	8.3	8.6	11.9	9.4	10.4	11.6	11.8	9	5.4	5.5	108.3	9	12
2007	5.4	7.6											13	6.5	2
2015	8.2	8.2	8.3	8.6	11.9	9.4	10.5	11.6	11.8				88.5	9.8	9
2016		7.6	7.5	10.4	10.9	11.6	11.9	11.7	10.3	7.7	7.4	7.2	104.2	9.5	11
2017		15.6	16.2	15.9	15.9	14.1	13.2	14.4	13.8	12.3	13.9	6.2	151.5	13.8	11
2018	6.1	10	11.4	12.9	13	14.1	13.2	14.4	13.8	14	16.8	18.2	157.9	13.2	12
2019	20.8	19.7	17.6	15.9	15.1	20	13.1	13.8	13.6	13.5	12.8	9.9	185.8	15.5	12
MÍNIMA	-1.1	0.6	1.7	5.2	7.4	8.1	8.1	8.9	7.9	3.2	2.1	0.4	4.4	4.4	
MÁXIMA	20.8	19.7	17.6	15.9	15.9	20	13.2	14.4	13.8	14	16.8	18.2	185.8	15.5	
MEDIA	4.9	6.2	7.4	9.3	10.9	11.8	11.1	11.3	10.9	9.1	7.4	5.9	86.9	8.6	
DESV.ST	4.6	4.3	3.8	3.2	2.1	2.5	1.5	1.6	1.8	2.8	3.9	3.7	41	2.5	

TEMPERATURA MEDIA MENSUAL
AÑO	ENE	FEB	MAR	ABR	MAY	JUN	JUL	AGO	SEP	OCT	NOV	DIC	ACUM	PROM	MESES
1984						18.8	17	17	16.4	17	13	14.4	113.6	16.2	7
1985	12.1	13.4	16.6	17.2	18.6		17.5	17.9	18.1	16.7	13.8	12.8	174.7	15.9	11
1986	10.4	13	13.8	18.8	19.8	19.1	17.5	18.1	18.7	16	14.6	12.9	192.7	16.1	12
1987	13.1		14.8	17	18.4	19.1	18.4	19.3	19.1	14.5	14.2	14	181.9	16.5	11
1988	12	15.1	15.9	18.3	20	20.1	18.8	18.6	18.9	15.3	15.6	13.9	202.5	16.9	12
1989	13.9	13.3	15	17.3	19.5	19.4	18.3	18.4	17.2		15.4		167.7	16.8	10
1990	14.7	13.2	15.8	18.3	19.8	19.3	17.5		17.7	16.3	14.4	12.5	179.5	16.3	11
1991	13.7	14.1	17.2	19.4	20.6	20.3	18	18.2	17.8	15.3			174.6	17.5	10
1992	14.1	15.1	18.5										47.7	15.9	3
1993		14.6	15.8	17.5	18.9	20.3	18.7	18.3			15.1	13.9	153.1	17	9
1994	15.7	17.8	18.3	18.5		15.8	14.8	15.7	15.6	18.9	17.6	16.1	184.8	16.8	11
1995	10.1	10.7			18.4	17.4		17	15.5	14.5			103.6	14.8	7
1996	4.1	6.2	9.4	11.5	15.9	15.6	15.5	18.2	19.4	16.9	15.3	15	163	13.6	12
1997	12.3	16		17.2	16.9	19.5	18.4	17.2	16.7		15.5	12.1	161.8	16.2	10
1998	11												11	11	1
2000	5.4	8.6	10.3	13.5	17.4	16.7		15.5		17.7	17.6	12	134.7	13.5	10
2001	13.7	15.6	17.4	20.6	19.9	19.6	19.4	19.3	19.1	16.5	14.3	14	209.4	17.4	12
2002	13.3	14	17.3	20.7	20.1	20.2	19.5	19.7	19.1	18.9	16.2	15	214	17.8	12
2003	13.2	16.6	18	20.9	22.6	21.2	19.1	20	19.8		17	13.5	201.9	18.4	11
2004	18.8	14.7	17.8	19.1	19.9	19	19.1	19.4	18.4	18.1	15.3	14.2	213.8	17.8	12
2005	13.8	13.7	15.1	22	21.1	22.8	20	19	19.2	18.5	18.5	16.4	220.1	18.3	12
2006	15.4	16.8	18.3	19.3	20	18.5	18.2	18.6	21.3	18.1	13.5	13.3	211.3	17.6	12
2007	14.2	16.2											30.4	15.2	2
2015	15.4	16.8	18.2	19.3	19.5	18.3	17.8	18.8	18.1				162.2	18	9
2016		16.2	15.8	17.7	18.6	19.1	18.4	18	17	14.6	15	15.5	185.9	16.9	11
2017		18.7	19.2	21.4	22.9	20.4	18.9	19.6	18.5	18.4	23.2	14.5	215.7	19.6	11
2018	13.5	17.3	19.1	19.6	20.4	21.4	19.5	21	18.9	17.6	21	22.2	231.5	19.3	12
2019	24.4	23.6	21.1	19.2	22.4	23.6	18.7	19.9	19.1	18.6	18.9	16	245.5	20.5	12
MÍNIMA	4.1	6.2	9.4	11.5	15.9	15.6	14.8	15.5	15.5	14.5	13	12	11	11	
MÁXIMA	24.4	23.6	21.1	22	22.9	23.6	20	21	21.3	18.9	23.2	22.2	245.5	20.5	
MEDIA	13.3	14.9	16.5	18.4	19.6	19.4	18.2	18.4	18.2	16.9	16.1	14.5	167.4	16.7	
DESV.ST	3.9	3.3	2.7	2.4	1.7	1.9	1.2	1.3	1.4	1.5	2.5	2.2	58.8	1.9	
