 COMISIÓN NACIONAL DEL AGUA
 COORDINACIÓN GENERAL DEL SERVICIO METEOROLÓGICO NACIONAL
 PROYECTO DE BASES DE DATOS CLIMATOLÓGICOS

 ESTACIÓN  : 22046 
 NOMBRE    : NOGALES 



LLUVIA MÁXIMA 24H
AÑO	ENE	FEB	MAR	ABR	MAY	JUN	JUL	AGO	SEP	OCT	NOV	DIC	ACUM	PROM	MESES
1980		3	0	5.5	12	24.8	31	48.7	7	25.3	13.1	0	170.4	15.5	11
1981	14	6.5	2.9	41.5	12.7	40.3	39.3	10.4	9.2	17.4	0	4.5	198.7	16.6	12
1982	0	5	1.7	7.4	11	7.8	18	30.4	0.7	48.7	0.7	9.1	140.5	11.7	12
1983	12.4	1.6	12	0	14.1	24.4	33.1	33.7	56.3	19.2	11.4	0.3	218.5	18.2	12
1984	5.8	9.7	2.2	0	10.6	21.8	33.8	46.5	34.3	0.5	6.1	1.4	172.7	14.4	12
1985	4.1	2.5	4.5	15.5	40	38.2	51.8	43.4	39.4	6.5	1.8	4.3	252	21	12
1986	0.1	1.6	0	0	5.3	36.7	25.4	40	54.4	33.6	12.9	11.8	221.8	18.5	12
1987	0	0.6	3.9	0	9.4	33.4	37.7	20	9.1	0	8.5	0.5	123.1	10.3	12
1988	4.4	0	15.5	10.5	4.9	13.4	27.9	30.6	9.2	8.7	3.4	0	128.5	10.7	12
1989	0	6.4	0	1.5	20	12.3	13.2	32.5	14.3	0	0	8.7	108.9	9.1	12
1990	0	9.7	8.5	22.2	15.9	18.8	25.9	36.9	25.1	20	1	2.7	186.7	15.6	12
1991	0	0	0		4.7	38.9	49.6	8.9					102.1	14.6	7
1992	15.9	0	5.8	0	0								21.7	4.3	5
1994	4.8	0	15.6										20.4	6.8	3
1995		0	0	11.8	52.8	10.5	17.1	3.9	0	0.1	0	0.1	96.3	8.8	11
1996	0	0	0	2.6	1.5	58.3	5.8	81.4	21.5	24.3	0	1.3	196.7	16.4	12
1997	3.2						29.2	14.9	11.2	0	7.8	7.8	74.1	10.6	7
1998	0	0	0	1.2	25.8	18.7	10.8	5	0	0	0	0	61.5	5.1	12
1999	0	0	0	0	0	0	48	0	0	0	0	0	48	4	12
2000	0	0	0	4.3	16.7	40	16.7	16.2	28.7	6.3	0	0	128.9	10.7	12
2001	0.5	0	0	8.9	28.3	49.6	14.6	28	9.3	0	0	0	139.2	11.6	12
2002	0	0	0	0	32.8	15.1	40	32.9	15	19.8	3.5	0	159.1	13.3	12
2003	0	0	0	6.5	5.8	22.7	22.1						57.1	8.2	7
2004			15.4	0	18	45.3	40.8	18.9	17	7.6	0	0	163	16.3	10
2005	0	0	0	0	0	0	5.6	42.8	0	0	0	0	48.4	4	12
2007	0	0	0	0									0	0	4
2010						63.3							63.3	63.3	1
2015	0	0	0	0	17.3	3.1	0	22.3	30.8	15.9	0	0	89.4	7.4	12
2016	0	0	0	0	17.3	41.9	14.3	47.3	0	15.9	0	0	136.7	11.4	12
2017	0	145.6	0	0	0	6.8	26.3	28.2	23	2	0	0	231.9	19.3	12
2018	0	0	0	3.8	8.9	47.2	14.3	21.9	46.1	55.4	19.1	0	216.7	18.1	12
2019	0	0	1	0	1.1	41.9	8.9	47.3	40.6	15.9	0.8	0	157.5	13.1	12
MÍNIMA	0	0	0	0	0	0	0	0	0	0	0	0	0	0	
MÁXIMA	15.9	145.6	15.6	41.5	52.8	63.3	51.8	81.4	56.3	55.4	19.1	11.8	252	63.3	
MEDIA	2.3	6.6	3	5.1	13.8	27.7	25	29.4	19.3	13.2	3.5	2	129.2	13.4	
DESV.ST	4.5	26.9	5.1	9.1	12.8	17.8	14.1	17.7	17.4	15.1	5.4	3.5	68	10.5	

LLUVIA TOTAL MENSUAL
AÑO	ENE	FEB	MAR	ABR	MAY	JUN	JUL	AGO	SEP	OCT	NOV	DIC	ACUM	PROM	MESES
1980		8.1	0	8.6	36.8	59.7	63	139.7	20.8	45.8	13.7	0	396.2	36	11
1981	44.2	8.1	9.4	96.8	40.4	109.7	149.5	30.5	14.3	75.2	0	6.5	584.6	48.7	12
1982	0	5.1	1.9	22.3	58.1	8.8	30.9	71	0.8	130.4	0.7	19.7	349.7	29.1	12
1983	31.6	2.8	16.1	0	30.1	51	134.3	87.8	113	33.5	23.9	0.3	524.4	43.7	12
1984	18.5	21.8	2.2	0.01	39.3	85.7	137.4	103.7	75.6	0.5	6.1	2.1	492.91	41.1	12
1985	4.1	2.5	7	37.3	81	115.5	154.32	84.6	68.6	12.5	3.9	4.4	575.72	48	12
1986	0.1	1.6	0	0	11.9	219.1	68.93	74.5	83.6	77.1	16.2	14.3	567.33	47.3	12
1987	0	0.7	5	0	17.83	136.71	142.92	33.1	17.9	0	13.8	0.5	368.46	30.7	12
1988	5.6	0	17.61	11.81	12.72	30.01	115	119.42	17.6	8.7	3.4	0	341.87	28.5	12
1989	0	9.1	0	1.51	30.3	49.3	45.51	144.72	17.71	0	0	19.01	317.16	26.4	12
1990	0.02	18.72	10.61	24.1	30.41	54.02	159.22	57.93	101.92	52.32	1	2.7	512.97	42.7	12
1991	0	0.01	0		9.54	91.34	173.52	22.22					296.63	42.4	7
1992	48.32	0	9.8	0	0								58.12	11.6	5
1994	4.8	0	23.02										27.82	9.3	3
1995		0	0.01	23.03	65.22	12.11	65.84	12.05	0	0.11	0	0.11	178.48	16.2	11
1996	0	0	0	2.63	1.53	106.5	20.3	144.5	33.8	40.4	0	1.3	350.96	29.2	12
1997	3.2						47.1	19.4	11.2	0	10.31	10.3	101.51	14.5	7
1998	0	0	0	1.2	25.8	38	44.9	5	0	0	0	0	114.9	9.6	12
1999	0	0	0	0	0	0	94	0	0	0	0	0	94	7.8	12
2000	0	0	0	4.3	35.1	82.4	35.3	49.8	48.7	9.8	0	0	265.4	22.1	12
2001	0.5	0	0	15	49.7	173.9	32.7	77.9	22.2	0	0	0	371.9	31	12
2002	0	0	0	0	40.2	51	235.3	85.2	54.9	72.4	7.2	0	546.2	45.5	12
2003	0	0	0	6.5	5.81	41.01	52.5						105.82	15.1	7
2004			35.21	0	36.91	121.81	152.32	31	31.5	11.2	0	0	419.95	42	10
2005	0	0	0	0	0	0	7.9	63.22	0	0	0	0	71.12	5.9	12
2007	0	0	0	0									0	0	4
2010						63.31							63.31	63.3	1
2015	0	0	0	0	39.1	5.3	0	46.9	125	15.9	0	0	232.2	19.4	12
2016	0	0	0	0	39.1	100.61	23.44	134.81	0.02	15.9	0	0	313.88	26.2	12
2017	0	2367.7	0.02	0	0.02	16.73	139.52	68.4	50.22	4.93	0	0	2647.54	220.6	12
2018	0	0.02	0.02	3.82	16.64	185.22	23.44	64.91	169.41	121.94	51.6	0	637.02	53.1	12
2019	0	0	1.01	0	2.9	100.61	19.1	134.81	139.71	15.9	1.01	0	415.05	34.6	12
MÍNIMA	0	0	0	0	0	0	0	0	0	0	0	0	0	0	
MÁXIMA	48.32	2367.7	35.21	96.8	81	219.1	235.3	144.72	169.41	130.4	51.6	19.7	2647.54	220.6	
MEDIA	5.7	84.4	4.6	9.2	27	75.3	84.6	70.6	46.9	28.6	5.9	3.1	385.7	35.7	
DESV.ST	13.3	439.2	8.5	19.7	21.5	57.5	62.7	44.6	48.8	38.1	11.3	5.9	453.3	37.2	

EVAPORACIÓN MENSUAL
AÑO	ENE	FEB	MAR	ABR	MAY	JUN	JUL	AGO	SEP	OCT	NOV	DIC	ACUM	PROM	MESES
1980		140.2	230.8	235.8	236.7	199.8	210.6	159.6	158.4	142.1	80.3	89.9	1884.2	171.3	11
1981	102.9	127.7	208.6	185	182.2	157.6	142.1	147.5	139.2	107.5	105.3	88.1	1693.7	141.1	12
1982	132.2	145.4	220.1	248.5	185.1	243.8	203.6	205.4	180.9	112.6	79.5	98.2	2055.3	171.3	12
1983	86.2	128.3	218.8	277.1	263.4	230.3	146.2	167.8	133.8	115.3	88.1	102	1957.3	163.1	12
1984	107	117.4	218.8	265.4	210.1	181.8	141.3	159.7	106	130.3	123.7	100.4	1861.9	155.2	12
1985	110	142.3	154.2	73	224	158.8	134.81	168.8	151.1	133.2	113	97.8	1661.01	138.4	12
1986	116.5	144.26	213.2	266.4	212.7	153.2	151.41	141.9	149.6	105.4	102.1	99	1855.67	154.6	12
1987	114.3	132.4	199.84	215.58	192.16	169.42	143.11	137.46			134.01	111	1549.28	154.9	10
1988				196.67			143.74						340.41	170.2	2
1989					226.3	192.97	186.65	147.65	125.92		108.56		988.05	164.7	6
1990	110.83	103.53				170.11	141.58	130.58	104.9	91.31		101.63	954.47	119.3	8
1992	93.5	79.29	75.99	76.66	85.04								410.48	82.1	5
1994	87.7	75.19	61.65										224.54	74.8	3
1995		78.25	194.24	202.59	231.09	126.77	6.03	99.48	83.5	103.78	99.8	83.82	1309.35	119	11
1996	99.51	94.59	108.17	107.95	94.67	100.16	63.44	65.92	75.62	53.48	37.86	30.38	931.75	77.6	12
1997	76.28												76.28	76.3	1
2001		105.91	139.6								116.47	129.99	491.97	123	4
2002	94.21	92.29	120.16	135.98	221.35	142.04	143.08	131.01	119.21	132.16	114.95		1446.44	131.5	11
2004				162.21	188.01	181.5	150.9	137.53	137.68	147.77	128.56	104.49	1338.65	148.7	9
2005	130.84	142.49	207.86	208.3	225.76	227.54	204.23				176.5	204.13	1727.65	192	9
2010						172.24							172.24	172.2	1
2015	186.94	155.62	186.94	218.06	224.6	230.97	228.17	235.99	199.03	182.85			2049.17	204.9	10
2016	186.94	181.57	186.94	225.56	223.78	222.6	210.79	152.3	185.91	183.25	99.8	85.79	2145.23	178.8	12
2017	126.88		179.3	171.05	262.24	217.85	230.74	171.36	106.84	103.16	141.8	98.06	1809.28	164.5	11
2018	88.35	116.68	197.74	198.55	245.77	251.33	213.47	162.19	133.15	111.54	142.47	132.5	1993.74	166.1	12
2019	101.07	173.77	225.18	229.55	264.21	226.67	190.27	151.29	155.51	183.25	114.54	81.96	2097.27	174.8	12
MÍNIMA	76.28	75.19	61.65	73	85.04	100.16	6.03	65.92	75.62	53.48	37.86	30.38	76.28	74.8	
MÁXIMA	186.94	181.57	230.8	277.1	264.21	251.33	230.74	235.99	199.03	183.25	176.5	204.13	2145.23	204.9	
MEDIA	113.3	123.9	177.4	195	210	188.5	161.2	151.2	135.9	125.8	110.9	102.2	1347.1	145.8	
DESV.ST	30.1	30.7	50.6	59.1	47.7	41	54.3	35.5	33.7	34.8	29.3	33.2	685.8	36.1	

TEMPERATURA MÁXIMA EXTREMA
AÑO	ENE	FEB	MAR	ABR	MAY	JUN	JUL	AGO	SEP	OCT	NOV	DIC	ACUM	PROM	MESES
1980		27	31	34	34	31	29	28	28	29	25	24	320	29.1	11
1981	24	28	31	31	32	30	26	29	28	28	26	26	339	28.2	12
1982	27	29	33	34	32	33.5	29	29	30	27	26	28	357.5	29.8	12
1983	25	27	28	34	37	33	27	28	28	27	26	25	345	28.8	12
1984	25	26	31	34	34	30	26	26	25	29	26	25	337	28.1	12
1985	27	28	30	31	34	29	27	27	28	27	26	24	338	28.2	12
1986	25	29	31	34	34	29	29	28	29	26	28	23	345	28.8	12
1987	25	26	29	32	32	30	27	28	31	27	27	26	340	28.3	12
1988	25	29	31	36	34	33	29	28	28	28	28	25	354	29.5	12
1989	27	27	30	30	34	34	32	27	26	27	28	24	346	28.8	12
1990	24	24	28	32	33	30	26	26	26	26	28	25	328	27.3	12
1991	24	24	30		32	32	25	28					195	27.9	7
1992	22	25	24	25	25								121	24.2	5
1994	29												29	29	1
1995		32	31	36	40	32	24	25	24	23	23	20	310	28.2	11
1996	24	24	25	24	29	28	28	24	19	16	16	14	271	22.6	12
1997	12						28	27	27	23	22	22	161	23	7
1998	21	22	22	24	26	25	25	25	24	15	14	14	257	21.4	12
1999	17	20	23	25	25	24	22	24	23	23	23	23	272	22.7	12
2000	23	24	25	23	24	23	23	25	22	24	22	19	277	23.1	12
2001	19	19	23	24	24	24	24	23	22	22	23	22	269	22.4	12
2002	23	22	23	24	24	24	24	24	25	25.6	24	22	284.6	23.7	12
2003	23	23	28	23	29	24	24						174	24.9	7
2004			28	26	25	24	24	23	28	28	23	23	252	25.2	10
2005	28	28	28	26	29	30	30	27	28	28	28	27	337	28.1	12
2007	28	26	29	29									112	28	4
2010						28							28	28	1
2015	23	24	28	29	28	28	31	29	27	30	27	28	332	27.7	12
2016	28	28	29	33	29	32	31	31	30	30	25	29	355	29.6	12
2017	24	24	24	28	29	30	29	29	29	29	30	29	334	27.8	12
2018	24	28	30	30	30	30	30	29	28	28	29	24	340	28.3	12
2019	26	27	32	32	34	32	33	31	29	29	28	29	362	30.2	12
MÍNIMA	12	19	22	23	24	23	22	23	19	15	14	14	28	21.4	
MÁXIMA	29	32	33	36	40	34	33	31	31	30	30	29	362	30.2	
MEDIA	24	25.7	28.1	29.4	30.4	29	27.2	27	26.6	25.9	25	23.8	275.7	26.9	
DESV.ST	3.6	3	3.1	4.3	4.3	3.4	2.9	2.2	2.9	3.8	3.7	3.9	95.3	2.6	

TEMPERATURA MÁXIMA PROMEDIO
AÑO	ENE	FEB	MAR	ABR	MAY	JUN	JUL	AGO	SEP	OCT	NOV	DIC	ACUM	PROM	MESES
1980		21.8	26.7	27.2	29.9	26.9	26.2	25	24.1	23.1	21.6	20.5	273	24.8	11
1981	18.1	21.7	24.8	26.3	27.8	25.1	23.4	24	24	23.2	22.7	21	282.1	23.5	12
1982	23.2	24.1	27.5	30.3	27.8	29.5	25.8	25.3	25.3	22.8	22.1	19.8	303.5	25.3	12
1983	17	21.2	24.9	29.2	30.5	29.4	23.5	24.9	23.4	22.6	22.2	21.5	290.3	24.2	12
1984	20.5	21.5	26.2	30	27.2	26.5	22.3	23.2	20.1	24.5	22.6	21.6	286.2	23.9	12
1985	21	23	25.4	26.6	28.1	24.6	22.4	24.2	24.5	24.1	23.6	21.1	288.6	24	12
1986	19.8	24.1	24.1	30	28.8	24.9	24.1	25.1	25.5	21.9	21.7	20.8	290.8	24.2	12
1987	21.4	21.1	22.8	25	28.6	25.6	23.1	25.7	26.7	23.7	22.7	22.9	289.3	24.1	12
1988	20.7	23.7	23.6	28.2	30.8	27.9	25.3	24.1	23.4	23.1	24.3	20.8	295.9	24.7	12
1989	22.3	22.1	25.1	27.7	30.2	27.2	26.8	24.2	22.3	23.8	23.8	19	294.5	24.5	12
1990	21.5	21.4	24.3	27.7	28.6	26.8	23.5	23.2	23.2	21.3	21.6	21.4	284.5	23.7	12
1991	22.6	22.7	25.2		29	25.2	21.8	24.4					170.9	24.4	7
1992	20.4	22	22.5	22.7	23.7								111.3	22.3	5
1994	25.8												25.8	25.8	1
1995		28.3	26.4	29.8	32.6	30.1	23	23.4	22.6	20.8	21.5	13.5	272	24.7	11
1996	20.5	22.7	23.6	23.6	28.2	25.6	26.6	22.5	15.7	14.1	15.2	12.2	250.5	20.9	12
1997	9.6						25.7	26.1	25.5	21.3	20.8	20.8	149.8	21.4	7
1998	19.4	21.2	21.5	22.9	24.6	24.7	24.1	23.7	23.3	13.4	13.5	11	243.3	20.3	12
1999	15.3	19	22.4	24.1	24.7	23.2	21.6	23	22.3	20.7	22.2	22.1	260.6	21.7	12
2000	22.1	23.1	23.4	22.8	23.6	22.2	22	22.8	21.3	21.9	21	17.9	264.1	22	12
2001	17.6	18.9	22.7	23.7	23.7	23.6	23.3	22.5	22	21.9	22	21.6	263.5	22	12
2002	21.9	21.7	22.1	23.7	24	23.9	23.2	23.8	23	24	20.4	21.1	272.8	22.7	12
2003	21.9	22.1	23.2	22.8	24.1	23	23						160.1	22.9	7
2004			23.4	23.3	23.8	23.6	23.9	22.8	24.7	25.1	22.7	22.2	235.5	23.6	10
2005	25.6	22.9	24.8	23.8	26.4	26.7	26.5	24.5	26.2	24.3	25	23.9	300.6	25	12
2007	25.7	23.6	25.9	26.6									101.8	25.4	4
2010						27.1							27.1	27.1	1
2015	19.5	20.7	25.2	25.9	25.8	26.5	26.3	26.2	25.2	26.3	23.6	25.7	296.9	24.7	12
2016	25.7	24.6	25.2	28.7	25.8	29.1	26.3	28	26.6	26.3	22.7	23	312	26	12
2017	21.3	20.7	23.4	24.3	27.5	29.3	27.8	28.4	28	25.9	25.9	22.5	305	25.4	12
2018	20.7	24.2	27.9	28.3	28.4	27.9	26.3	26.6	25.5	23.1	22.5	22.6	304	25.3	12
2019	22.6	24.8	26	28.7	30.5	29.1	28.6	28	26.6	26.3	26.1	23	320.3	26.7	12
MÍNIMA	9.6	18.9	21.5	22.7	23.6	22.2	21.6	22.5	15.7	13.4	13.5	11	25.8	20.3	
MÁXIMA	25.8	28.3	27.9	30.3	32.6	30.1	28.6	28.4	28	26.3	26.1	25.7	320.3	27.1	
MEDIA	20.8	22.5	24.5	26.2	27.3	26.3	24.5	24.7	23.9	22.7	22.1	20.5	244.6	24	
DESV.ST	3.4	1.9	1.6	2.6	2.6	2.2	1.9	1.7	2.5	3.1	2.7	3.4	81	1.7	

TEMPERATURA MÍNIMA EXTREMA
AÑO	ENE	FEB	MAR	ABR	MAY	JUN	JUL	AGO	SEP	OCT	NOV	DIC	ACUM	PROM	MESES
1980		0	0	4	11	10	9	11	10	5	2	0	62	5.6	11
1981	-2	2	5	6	7	10	10	9	6	6	-1	3	61	5.1	12
1982	2	2	1	9	10	10	10	10	8	4	0	0	66	5.5	12
1983	1	-1	3	3	8	10	9	9	9	3	4	2	60	5	12
1984	2	0	2	7	5	6	9	9	6	7	3	0	56	4.7	12
1985	-3	2	4	4	8	10	8	10	8	5	0	2	58	4.8	12
1986	-3	1	0	7	9	11	9	10	9	2	0	-1	54	4.5	12
1987	0	0	-2	3	9	9	10	9	9	3	2	1	53	4.4	12
1988	-4	-1	0	7	8	9	-3	10	4	4	2	1	37	3.1	12
1989	1	2	-2	5	9	9	9	10	4	1	4	-6	46	3.8	12
1990	1	0	2	8	9	10	9	9	9	6	1	-3	61	5.1	12
1991	2	2	2		10	10	9	8					43	6.1	7
1992	5	6	7	7	7								32	6.4	5
1994	6												6	6	1
1995		9	3	8	11	10	9	9	8	4	8	-2	77	7	11
1996	6	18	15	15	21	13	19	17	8	7	7	-1	145	12.1	12
1997	1						11	11	11	10	9	9	62	8.9	7
1998	5	7	8	8	8	8	8	8	7	4	4	2	77	6.4	12
1999	-2	4	13	12	13	12	13	13	12	2	8	4	104	8.7	12
2000	2	8	8	9	10	12	10	8	10	8	7	6	98	8.2	12
2001	3	8	7	10	10	12	11	11	10	11	9	8	110	9.2	12
2002	8	10	10	10	11	12	9	10	8	7	4	1	100	8.3	12
2003	3	5	6	6	7	12	12						51	7.3	7
2004			6	8	8	8	10	10	10	8	6	10	84	8.4	10
2005	10	5	8	10	11	10	11	9	9	10	10	6	109	9.1	12
2007	6	7	8	9									30	7.5	4
2010						10							10	10	1
2015	6	6	10	7	10	14	8	12	7	9	6	3	98	8.2	12
2016	6	6	10	7	10	13	7	11	7	9	6	1	93	7.8	12
2017	2	7	5	7	8	10	10	12	10	6	4	1	82	6.8	12
2018	-1	5	8	7	8	7	8	8	9	10	0	4	73	6.1	12
2019	2	7	6	7	12	14	11	12	11	9	7	1	99	8.2	12
MÍNIMA	-4	-1	-2	3	5	6	-3	8	4	1	-1	-6	6	3.1	
MÁXIMA	10	18	15	15	21	14	19	17	12	11	10	10	145	12.1	
MEDIA	2.3	4.5	5.3	7.5	9.6	10.4	9.5	10.2	8.4	6.2	4.3	2	68.7	6.8	
DESV.ST	3.5	4.2	4.3	2.6	2.8	2	3.3	1.9	2	2.9	3.3	3.6	30.5	2	

TEMPERATURA MÍNIMA PROMEDIO
AÑO	ENE	FEB	MAR	ABR	MAY	JUN	JUL	AGO	SEP	OCT	NOV	DIC	ACUM	PROM	MESES
1980		5.9	8.5	9.9	13.2	12.5	12.5	12.7	12.6	9.9	6.8	5.1	109.6	10	11
1981	3.9	6.3	8.6	10.7	12	12.8	12.1	12	11.1	10.9	5.2	6.5	112.1	9.3	12
1982	6	6.4	8.6	11.7	12.9	12.3	11.9	11.5	11.4	9.3	6.3	5.6	113.9	9.5	12
1983	4.8	3.5	6.3	8.8	12.4	12.7	12.4	12.1	11.9	9.5	8.1	6.6	109.1	9.1	12
1984	4.6	5.3	8.5	11.2	10.9	11.9	11.2	11.3	10.7	10	5.8	5.5	106.9	8.9	12
1985	4.5	5.5	8.2	9.5	11.1	12	11.4	11.4	10.8	9.1	6.3	5.3	105.1	8.8	12
1986	2.2	4.9	4.9	11.2	11.8	13	11.1	11.3	12	9.5	7.5	4.5	103.9	8.7	12
1987	3.4	5.1	6.7	8.4	11	11.4	12.2	11.4	11.5	6.4	5.5	5.5	98.5	8.2	12
1988	2.6	5.5	7	9.7	11.5	12.3	11.7	12	10	8	5.8	4.7	100.8	8.4	12
1989	5.5	5.5	5.9	8.4	11.1	11.8	11	11.6	10.2	7	7.2	4.4	99.6	8.3	12
1990	5.2	4.9	6.8	9.7	12	11.7	11.6	11.2	10.7	9.4	7.1	3.1	103.4	8.6	12
1991	5.7	6	9.3		13.5	12.7	11	10.8					69	9.9	7
1992	6.3	7.1	7.4	7.3	8.3								36.4	7.3	5
1994	9.7												9.7	9.7	1
1995		11.6	8.2	10.9	14.6	14.6	9.5	9.6	9.6	8.1	8.4	6	111.1	10.1	11
1996	14.9	18.3	16.8	16.8	22.4	21.1	19.6	17.4	8.4	8	7.3	3.7	174.7	14.6	12
1997	4.8						11.8	11.9	11.7	10.2	9.6	9.6	69.6	9.9	7
1998	6.3	7.9	8.5	8.5	8.8	8.9	8.7	8.3	7.7	4.8	4.5	3.8	86.7	7.2	12
1999	3.2	5.6	13.3	12.6	13.6	12.2	13	13.4	12.8	9.9	8.6	8	126.2	10.5	12
2000	9.7	8.4	9.6	10.7	11.6	12.2	10.1	10.7	11.1	11.2	7.7	6.6	119.6	10	12
2001	6.7	8	9.2	10.2	11.8	12.3	12.1	11.5	10.1	11	9.6	9.1	121.6	10.1	12
2002	8.6	10	10.6	10.7	11.5	12	9.9	10	10.7	8.9	8.5	5	116.4	9.7	12
2003	6.2	6.8	7.2	7	7.5	12.2	12						58.9	8.4	7
2004			8.9	8.9	9.5	9.2	10.4	10.6	12.3	12.8	9.4	10	102	10.2	10
2005	13	8.5	10.7	12.2	12.9	12.9	13.7	11.4	12.6	13.1	12.5	8.9	142.4	11.9	12
2007	8.6	9.2	11.9	11.5									41.2	10.3	4
2010						10							10	10	1
2015	8.6	8.1	12.5	12.7	11.9	14.9	10	14	10.2	11.8	7.6	7.5	129.8	10.8	12
2016	8.6	8.1	12.5	12.7	11.9	14.8	10	13.9	10.2	11.7	7.6	5.7	127.7	10.6	12
2017	5.4	9.8	6.5	7.9	9.3	11.3	11.7	13.3	11.3	11.4	8.6	5	111.5	9.3	12
2018	2.9	7.8	10.8	11.7	9.9	9.4	10	11.7	12.9	12.5	7.7	5.3	112.6	9.4	12
2019	5.9	8.2	9.4	12.7	14.4	14.9	12.9	14	13	11.7	10.8	5.7	133.6	11.1	12
MÍNIMA	2.2	3.5	4.9	7	7.5	8.9	8.7	8.3	7.7	4.8	4.5	3.1	9.7	7.2	
MÁXIMA	14.9	18.3	16.8	16.8	22.4	21.1	19.6	17.4	13	13.1	12.5	10	174.7	14.6	
MEDIA	6.3	7.4	9.1	10.5	11.9	12.5	11.6	11.9	11.1	9.8	7.7	6	99.2	9.7	
DESV.ST	3	2.8	2.6	2.1	2.7	2.3	2	1.7	1.3	2	1.8	1.8	36.1	1.4	

TEMPERATURA MEDIA MENSUAL
AÑO	ENE	FEB	MAR	ABR	MAY	JUN	JUL	AGO	SEP	OCT	NOV	DIC	ACUM	PROM	MESES
1980		13.8	17.6	18.6	21.5	19.7	19.3	18.9	18.3	16.5	14.2	12.8	191.2	17.4	11
1981	11	14	16.7	18.5	19.9	18.9	17.8	18	17.5	17	14	13.7	197	16.4	12
1982	14.6	15.3	18	21	20.4	20.9	18.8	18.4	18.3	16.1	14.2	12.7	208.7	17.4	12
1983	10.9	12.3	15.6	19	21.5	21	17.9	18.5	17.6	16	15.1	14	199.4	16.6	12
1984	12.6	13.4	17.4	20.6	19	19.2	16.7	17.2	15.4	17.2	14.2	13.5	196.4	16.4	12
1985	12.7	14.2	16.8	18	19.6	18.3	16.9	17.8	17.6	16.6	14.9	13.2	196.6	16.4	12
1986	11	14.5	14.5	20.6	20.3	18.9	17.6	18.2	18.7	15.7	14.6	12.6	197.2	16.4	12
1987	12.4	13.1	14.7	16.7	19.8	18.5	17.7	18.6	19.1	15	14.1	14.2	193.9	16.2	12
1988	11.7	14.6	15.3	18.9	21.1	20.1	18.5	18	16.7	15.5	15.1	12.7	198.2	16.5	12
1989	13.9	13.8	15.5	18	20.7	19.5	18.9	17.9	16.2	15.4	15.5	11.7	197	16.4	12
1990	13.4	13.1	15.5	18.7	20.3	19.2	17.5	17.2	16.9	15.4	14.3	12.3	193.8	16.1	12
1991	14.1	14.3	17.3		21.2	19	16.4	17.6					119.9	17.1	7
1992	13.3	14.5	14.9	15	16								73.7	14.7	5
1994	17.7												17.7	17.7	1
1995		19.9	17.3	20.3	23.6	22.4	16.3	16.5	16.1	14.4	15	9.8	191.6	17.4	11
1996	17.7	20.5	20.2	20.2	25.3	23.3	23.1	20	12.1	11	11.2	8	212.6	17.7	12
1997	7.2						18.7	19	18.6	15.7	15.2	15.2	109.6	15.7	7
1998	12.9	14.5	15	15.7	16.7	16.8	16.4	16	15.5	9.1	9	7.4	165	13.8	12
1999	9.2	12.3	17.9	18.3	19.2	17.7	17.3	18.2	17.5	15.3	15.4	15	193.3	16.1	12
2000	15.9	15.8	16.5	16.7	17.6	17.2	16.1	16.7	16.2	16.5	14.3	12.2	191.7	16	12
2001	12.2	13.4	16	16.9	17.7	17.9	17.7	17	16	16.4	15.8	15.4	192.4	16	12
2002	15.2	15.8	16.3	17.2	17.7	17.9	16.5	16.9	16.8	16.5	14.4	13.1	194.3	16.2	12
2003	14	14.4	15.2	14.9	15.8	17.6	17.5						109.4	15.6	7
2004			16.1	16.1	16.7	16.4	17.2	16.7	18.5	18.9	16	16.1	168.7	16.9	10
2005	19.3	15.7	17.8	18	19.7	19.8	20.1	17.9	19.4	18.7	18.7	16.4	221.5	18.5	12
2007	17.1	16.4	18.9	19									71.4	17.9	4
2010						18.5							18.5	18.5	1
2015	14.1	14.4	18.8	19.3	18.8	20.7	18.1	20.1	17.7	19	15.6	16.6	213.2	17.8	12
2016	17.2	16.3	18.9	20.7	18.9	21.9	18.1	21	18.4	19	15.1	14.4	219.9	18.3	12
2017	13.4	15.2	15	16.1	18.4	20.3	19.7	20.8	19.6	18.6	17.3	13.8	208.2	17.4	12
2018	11.8	16	19.4	20	19.1	18.6	18.1	19.1	19.2	17.8	15.1	14	208.2	17.4	12
2019	14.2	16.5	17.7	20.7	22.4	22	20.8	21	19.8	19	18.4	14.4	226.9	18.9	12
MÍNIMA	7.2	12.3	14.5	14.9	15.8	16.4	16.1	16	12.1	9.1	9	7.4	17.7	13.8	
MÁXIMA	19.3	20.5	20.2	21	25.3	23.3	23.1	21	19.8	19	18.7	16.6	226.9	18.9	
MEDIA	13.6	14.9	16.8	18.3	19.6	19.4	18.1	18.3	17.4	16.2	14.9	13.3	171.8	16.8	
DESV.ST	2.7	1.9	1.6	1.8	2.2	1.7	1.5	1.4	1.7	2.3	1.9	2.2	57	1.1	
