 COMISIÓN NACIONAL DEL AGUA
 COORDINACIÓN GENERAL DEL SERVICIO METEOROLÓGICO NACIONAL
 PROYECTO DE BASES DE DATOS CLIMATOLÓGICOS

 ESTACIÓN  : 22058 
 NOMBRE    : SANTA TERESA 



LLUVIA MÁXIMA 24H
AÑO	ENE	FEB	MAR	ABR	MAY	JUN	JUL	AGO	SEP	OCT	NOV	DIC	ACUM	PROM	MESES
1982	0	1	0	7	20	8	17	28	8	14	0	6	109	9.1	12
1983	7	0	20	0	13	71	24	65	6.5	16	24	0	246.5	20.5	12
1984	0	5	0	0	17	20	45.1	19		8	0	0	114.1	10.4	11
1985	0	0	0	18	36	33	94	40	7	16	0	5	249	20.8	12
1986	0	0	0	9	7	47	33	26	47	50	18	14	251	20.9	12
1987	0	0	3	5	5	4.4	42		20	0	12	0	91.4	8.3	11
1988	6	0	3	2	0	36	39	58	19	0	0	0	163	13.6	12
1989	0	4	0	7	28	31	30	31	18	0	0	0	149	12.4	12
1990	0	0	6	4		0	23	34	17	18	0	0	102	9.3	11
1991	0	0	0	0	5.7	20	90	33.5	30	5	0	4	188.2	15.7	12
1992						0	0	0	0	0			0	0	5
1993				0	0	0	0	0	0	0			0	0	7
1994	0	0	0	0	0	0	0	0	0	23.5	0	0	23.5	2	12
1995	0	0	0	0	0	0	0	0	66	10	25	30	131	10.9	12
1996	0	0	8	4	14	30	21	28	56.3	29	0	0	190.3	15.9	12
1997	0	0	27	25	13	23	24	11	14	60.5	5	0	202.5	16.9	12
1998	4	8	2.5	0	2	40	45	51	62.5	49	15	0	279	23.2	12
1999	0	0	0	0	0	60.5	20.7	20	16	0	0	0	117.2	9.8	12
2000	0	0	0	0	0	65.6	40.3	41	20	6	6	2	180.9	15.1	12
2001	10	8	0	12	7	56.5	35	65	10	15	0	0	218.5	18.2	12
2002	6	12	0	0	0	0	20	24	30	3	0	0	95	7.9	12
2003	8	0	0	0	14	11	20	70	59	20	0	0	202	16.8	12
2004	0	0	0	0	0	56	4	26	70	25	0	0	181	15.1	12
2005	0	6	1	0	0	0	25	40	15	20	0	0	107	8.9	12
2006	20	0	15	18	20	20	30	60	25	20	10	0	238	19.8	12
2015	0	6	10	18	10	8	5	20	10	12	10	10	119	9.9	12
2016	8	0	17	5	15	21	60	40	10	9	15	5	205	17.1	12
2017	0	10	10	0	7	0	25	20	65	5	3	0	145	12.1	12
2018	0	10	0	8	20	20	11	30	50	30	15	10	204	17	12
2019	0	0	10	0	10	0	5	10	10	15	30	22	112	9.3	12
MÍNIMA	0	0	0	0	0	0	0	0	0	0	0	0	0	0	
MÁXIMA	20	12	27	25	36	71	94	70	70	60.5	30	30	279	23.2	
MEDIA	2.5	2.5	4.7	4.9	9.4	22.7	27.6	30.7	26.3	16	6.7	3.9	153.8	12.9	
DESV.ST	4.7	3.9	7.3	7	9.5	22.5	23.4	20.2	22.5	15.5	9.1	7.4	72.6	6	

LLUVIA TOTAL MENSUAL
AÑO	ENE	FEB	MAR	ABR	MAY	JUN	JUL	AGO	SEP	OCT	NOV	DIC	ACUM	PROM	MESES
1982	0	1	0	19	59.5	8	33.3	56	8	41	0	19	244.8	20.4	12
1983	10.7	0	20	0	35	95	146	101	6.5	27	38	0	479.2	39.9	12
1984	0	10	0	0	17	62	194.4	19		12	0	0	314.4	28.6	11
1985	0	0	0	36.7	106	123	201.03	93	21	16	0	5	601.73	50.1	12
1986	0	0	0	21	21	206.1	121	85	114	74	35	14	691.1	57.6	12
1987	0	0	3	18	8	15.1	139		33	0	21	0	237.1	21.6	11
1988	11	0	3	5.8	0	79	97.7	217.3	39	0	0	0	452.8	37.7	12
1989	0	4	0	7	53	77	113	157	49	0	0	0	460	38.3	12
1990	0	0	6	4		0	100	83	70	28	0	0	291	26.5	11
1991	0	0	0	0	9.2	57.9	241.9	98.7	69.5	15.9	0	13.2	506.3	42.2	12
1992						0	0	0	0	0			0	0	5
1993				0	0	0	0	0	0	0			0	0	7
1994	0	0	0	0	0	0	0	0	0	83.3	0	0	83.3	6.9	12
1995	0	0	0	0	0	0	0	0	114	23	37	55	229	19.1	12
1996	0	0	10	4	32	113.1	41	94.3	213.6	53.2	0	0	561.2	46.8	12
1997	0	0	48	53.9	32.1	82	47.4	38.2	19.5	118	9	0	448.1	37.3	12
1998	4	8	2.5	0	3	118	88	165	244.5	117.5	15	0	765.5	63.8	12
1999	0	0	0	0	0	60.5	74.8	51.2	29	0	0	0	215.5	18	12
2000	0	0	0	0	0	87.2	87.8	67.7	62	6.4	6.4	2	319.5	26.6	12
2001	15	14	0	15	9	138.5	137	105	49	17	0	0	499.5	41.6	12
2002	11	12	0	0	0	0	97	55.8	97.7	9	0	0	282.5	23.5	12
2003	16	0	0	0	14	96	112	134	312	89	0	0	773	64.4	12
2004	0	0	0	0	0	121	11	104	163	27	0	0	426	35.5	12
2005	0	6	1	0	0	0	105	179	28	41	0	0	360	30	12
2006	33	0	20	22	102	23	139	190	258	162	49	0	998	83.2	12
2015	0	9	10	35	11.5	25.7	23	44	53	12	49	17.5	289.7	24.1	12
2016	16	0	59	9	42	122.6	121.5	322	70	20	25	8	815.1	67.9	12
2017	0	10	21	0	7	0	184.3	72	204	17	5	0	520.3	43.4	12
2018	0	15	0	8	57	138	68	83	238	63	79	15	764	63.7	12
2019	0	0	10	0	11.5	0	23	66	53	40	45.2	22	270.7	22.6	12
MÍNIMA	0	0	0	0	0	0	0	0	0	0	0	0	0	0	
MÁXIMA	33	15	59	53.9	106	206.1	241.9	322	312	162	79	55	998	83.2	
MEDIA	4.2	3.2	7.6	8.9	22.5	61.6	91.6	92.5	90.3	37.1	14.8	6.1	430	36	
DESV.ST	8	5	14.6	13.7	29.6	57.3	65.5	72.7	90.1	41.3	21.5	11.9	243.2	20.1	

EVAPORACIÓN MENSUAL
AÑO	ENE	FEB	MAR	ABR	MAY	JUN	JUL	AGO	SEP	OCT	NOV	DIC	ACUM	PROM	MESES
1982	157.4	150.3	241.2	265.7	202.6	238.7	16.9	177.9	179.9	142.5	139.4	123	2035.5	169.6	12
1983	82.7	148	209.6	272.8	273	238	155.3	152.9	134	149.7	109.8	105.9	2031.7	169.3	12
1984	102.7	125.3	197.2	242.9	211.2	187.9	122	56.6		122	143.1	114.6	1625.5	147.8	11
1985	147.5	161.2	227.7	211.8	209.4	147.8	129.96	142.2	164.6	151	128.5	135.8	1957.46	163.1	12
1986	141.4	169.13	217.6	203	194.3	148.2	159.61	161.8	146.2	103	120.3	114.8	1879.34	156.6	12
1987	149.6	176	242.71	221.04	242.11	194.97			182.63	183.97	138.25	121.05	1852.33	185.2	10
1988	158.22	133.99	129.22	162.39	222.03	184.24	150.41	187.96	129.53	133.48	122.86	143.99	1858.32	154.9	12
1997							66.37	169.9	145.1	98.7	101.2	95.4	676.67	112.8	6
1998	112.2	149.3	203	234.6	252.4	228.3	191.7	157.5	111.6	84	83.6		1808.2	164.4	11
2001											76.38	61.92	138.3	69.2	2
2002	92.64	30.34	196.5	199.3	146.95	152.85	96.24	158.73	110.86	150.96	81.63	70.17	1487.17	123.9	12
2003	77.8	76.79	125.88	131.98	189.34			122.73					724.52	120.8	6
2004												37.1	37.1	37.1	1
2005	35.22	71.7	131.56	167.7	194.38	187.05	159.11	130.42	126	87.35	73.62	51.87	1415.98	118	12
2006	129.93	75.12	153.82	163.03	171.03	128.44	123					48.69	993.06	124.1	8
2015		78.47	151.6	188	158.1	125.7	163		131.6				996.47	142.4	7
2016	98.42	90.79	132.34	143.1	139.08	169.41	95.94	217.4	156.72	146.04	141.91	57.79	1588.94	132.4	12
2017	62	68.8	139.2	156.8	158.6	147.2	131.06	141.04	144	129	84.42	55.3	1417.42	118.1	12
2018	48.7	80.1	140.2	130.6	62	146.4	150.9	142.2	152.4	139.3	106.4	79.7	1378.9	114.9	12
2019	75.75	96.46	151.6	127.4	158.1	147.2	163	146	131.6	136.85	123.07	52.13	1509.16	125.8	12
MÍNIMA	35.22	30.34	125.88	127.4	62	125.7	16.9	56.6	110.86	84	73.62	37.1	37.1	37.1	
MÁXIMA	158.22	176	242.71	272.8	273	238.7	191.7	217.4	182.63	183.97	143.1	143.99	2035.5	185.2	
MEDIA	104.5	110.7	175.9	189.5	187.3	173.3	129.7	151	143.1	130.5	110.9	86.4	1370.6	132.5	
DESV.ST	39.6	43.4	42.4	46.9	49.8	37	43.6	35.3	21.6	27.3	24.8	34.7	597	35.1	

TEMPERATURA MÁXIMA EXTREMA
AÑO	ENE	FEB	MAR	ABR	MAY	JUN	JUL	AGO	SEP	OCT	NOV	DIC	ACUM	PROM	MESES
1982	26	28	33	34	34	33	28	27	32	27	26	25	353	29.4	12
1983	26	25	30	35	36	35	27	27	29	27	25	25	347	28.9	12
1984	25	28	32	34	33	32	26	25		27	25	26	313	28.5	11
1985	25	26	29	30	32	28	25	28	27	27	27	26	330	27.5	12
1986	25	27	30	35	33	33	26	25	27	26	27	27	341	28.4	12
1987	26	27	35	31	36	31	27		28	26	26	26	319	29	11
1988	25	30	30	33	33	32	27	27	25	28	27	25	342	28.5	12
1989	27	27	28	30	33	34	28	25	25	31	28	25	341	28.4	12
1990	26	28	29	32		30	26	26	25	28	26	27	303	27.5	11
1991	25	28	32	33	31	31	30	26	27	25	25	25	338	28.2	12
1992						30	33	27	26	25			141	28.2	5
1993				30	31	32	29	26	29	27			204	29.1	7
1994	31	29	31	31	32	30	28	26	26	28	28	27	347	28.9	12
1995	26	30	32	33	34	32	27	29	29	30	30	28	360	30	12
1996	28	31	29	31	34	30	29	30	28	28	27	29	354	29.5	12
1997	29	29	31	38	31	30	29	29	28.5	29.5	27	27.5	358.5	29.9	12
1998	26	28.5	32	34.5	36	34	29	27	26.5	25.5	27	27	353	29.4	12
1999	28	27	31	35	34	31	27	29	29	28	25	25	349	29.1	12
2000	33	29	33	33	33	29	28	26	28	29	29	25	355	29.6	12
2001	25	24	27	32	31	30	28	30	27	27	26	28	335	27.9	12
2002	26	30	30	34	33	32	29	29	27	28	27	25	350	29.2	12
2003	24	27	28	30	35	30	28	28	26	27	28	25	336	28	12
2004	28	26	30	34	35	30	30	28	29	29	28	28	355	29.6	12
2005	27	28	33	33	33	34	29	29	27	27	27	25	352	29.3	12
2006	28	28	31	30	30	28	27	26	27	26	25	26	332	27.7	12
2015	26	31	31	30	30	28	27	31	27	30	28	26	345	28.8	12
2016	26	28	30	32	33	32	25	28	26	29	28	28	345	28.8	12
2017	27	30	32	36	36	36	33	31	27	30	35	27	380	31.7	12
2018	26	30	33	35	35	36	30	30	27	27	27	26	362	30.2	12
2019	25	32	33	33	36	36	30	34	29	27	27	26	368	30.7	12
MÍNIMA	24	24	27	30	30	28	25	25	25	25	25	25	141	27.5	
MÁXIMA	33	32	35	38	36	36	33	34	32	31	35	29	380	31.7	
MEDIA	26.6	28.3	30.9	32.8	33.3	31.6	28.2	27.9	27.4	27.6	27.2	26.3	333.6	29	
DESV.ST	2	1.9	1.9	2.1	1.9	2.3	1.9	2.1	1.5	1.5	2	1.2	47.2	0.9	

TEMPERATURA MÁXIMA PROMEDIO
AÑO	ENE	FEB	MAR	ABR	MAY	JUN	JUL	AGO	SEP	OCT	NOV	DIC	ACUM	PROM	MESES
1982	23.5	24.5	26.2	30.9	28.5	29.8	25.3	25.1	25.1	23	22.6	20.8	305.3	25.4	12
1983	19.1	21.7	25.6	30.1	31.6	29.6	23.5	24.3	23.3	24.1	22.9	22.4	298.2	24.9	12
1984	19.9	22.6	27.2	30.6	28.2	27	22.4	23.9		23.3	22.6	21.5	269.2	24.5	11
1985	21	22.5	25.7	25.8	26.9	23.5	21.9	23.5	24.4	24.2	23.7	21.5	284.6	23.7	12
1986	20.7	23.8	24.8	30.4	31.1	24.6	23.3	23.1	24	22.4	21.9	21.4	291.5	24.3	12
1987	22.1	22.5	24.5	26.5	28.1	25	22.7		25.5	22.6	23.1	23.3	265.9	24.2	11
1988	20.9	24.5	24.2	27.8	30.3	26.7	23.9	23	21.7	21.2	20.6	21.8	286.6	23.9	12
1989	22.8	22.2	25.2	26.9	28.9	27.3	24.4	23.2	22.2	23.8	24.3	20.8	292	24.3	12
1990	22	22.4	24.8	28.2		26.7	23	22.3	22.6	22.8	22	21.8	258.6	23.5	11
1991	22.2	23.9	28.7	29.9	26.5	26.3	26.1	24.4	22.6	21	21.1	20.9	293.6	24.5	12
1992						25.2	24.2	22.8	23.7	21.5			117.4	23.5	5
1993				26.4	27.9	26	23.5	23.7	24.7	22.1			174.3	24.9	7
1994	23.1	24.5	26.9	27.6	28	24.6	24.9	23	22.6	24.2	24.9	23.5	297.8	24.8	12
1995	21.4	24.4	27.4	29.3	30.6	27.1	25.2	24.3	25.1	26.2	26.3	24.3	311.6	26	12
1996	23.9	26.3	25.1	28	31	27.6	27.5	27.7	25.1	24.2	21.7	23.5	311.6	26	12
1997	22.7	26	25.2	27.5	27	28	26.5	26.6	25.6	23.5	23.7	22.6	304.9	25.4	12
1998	22.8	24.1	27.6	30.7	32.2	30	26	24.2	23.3	20.9	23.4	22.3	307.5	25.6	12
1999	21.7	21.8	25	29.5	29.4	26.9	23.5	24.6	22.5	21.7	21.6	20.8	289	24.1	12
2000	22.2	23.6	26.6	27.2	28.3	23.9	25.4	23.7	24.1	23.6	23.7	19.8	292.1	24.3	12
2001	21	20.5	22.4	26.4	25.6	25.4	24.6	24.9	23.2	23.1	22	22.5	281.6	23.5	12
2002	22	22.1	24.6	26.5	27	26.4	24.5	26.2	22.6	24.4	22.3	21.6	290.2	24.2	12
2003	21	23.8	24.3	24.6	28.4	23.9	23.9	24.5	23.9	23.3	23.1	21.6	286.3	23.9	12
2004	22.3	22.6	25.4	28.6	28.2	25.2	26	24.5	24.2	24.6	24.2	22	297.8	24.8	12
2005	22.2	24	27.1	30	29.9	28.3	25.9	24.7	24.3	23	22.6	22.6	304.6	25.4	12
2006	23	23.2	25.3	26.4	26.6	24.7	24.9	24	23.6	23.8	21.6	22.6	289.7	24.1	12
2015	21.6	24.5	25.3	26.4	26.6	24.7	24.9	26	23.6	26	24.1	22.6	296.3	24.7	12
2016	22.2	23.8	24.8	26.1	27.9	24.8	22.9	24.1	23.6	25.8	24.3	24.5	294.8	24.6	12
2017	21.9	24	25.6	31.9	34	32.8	25.3	25	22.1	24	24	21.7	312.3	26	12
2018	20.4	24.7	29.9	31.6	32.4	27.6	25.9	27	24.5	24.5	19.3	20.3	308.1	25.7	12
2019	21.6	27.1	30.5	31	33.3	32.8	20.6	26.5	22.7	23.7	24.1	21.7	315.6	26.3	12
MÍNIMA	19.1	20.5	22.4	24.6	25.6	23.5	20.6	22.3	21.7	20.9	19.3	19.8	117.4	23.5	
MÁXIMA	23.9	27.1	30.5	31.9	34	32.8	27.5	27.7	25.6	26.2	26.3	24.5	315.6	26.3	
MEDIA	21.8	23.6	25.9	28.4	29.1	26.7	24.4	24.5	23.7	23.4	22.9	22	284.3	24.7	
DESV.ST	1.1	1.5	1.8	2	2.2	2.4	1.5	1.3	1.1	1.4	1.5	1.1	40.7	0.8	

TEMPERATURA MÍNIMA EXTREMA
AÑO	ENE	FEB	MAR	ABR	MAY	JUN	JUL	AGO	SEP	OCT	NOV	DIC	ACUM	PROM	MESES
1982	1	2	4	4	3	5	9	7	9	4	6	5	59	4.9	12
1983	3	3	4	7	8	10	10	8	9	6	3	4	75	6.2	12
1984	2	3	5	5	7	6	9	9		6	2	0	54	4.9	11
1985	-4	-2	5	3	7	7	6	10	7	4	0	4	47	3.9	12
1986	0	2	1	2	8	8	11	6	9	2	-2	-3	44	3.7	12
1987	0	-2	-5	1	8	8	9		7	2	1	0	29	2.6	11
1988	-5	1	2	4	5	5	9	10	7	3	1	3	45	3.8	12
1989	3	0	-1	5	5	8	10	8	5	2	5	2	52	4.3	12
1990	3	3	4	8		10	11	8	9	5	-2	-2	57	5.2	11
1991	2	1	1	5	9	9	9	9	6	2	2	1	56	4.7	12
1992						8	7	10	5	4			34	6.8	5
1993				6	7	8	10	8	7	6			52	7.4	7
1994	5	9	7	9	10	5	5	5	5	11	10	9	90	7.5	12
1995	10	10	7	11	16	7	8	8	8	10	9	11	115	9.6	12
1996	10	10	10	10	10	10	10	10	10	8	11	10	119	9.9	12
1997	10	10	10	10	10	10	5	9	8	0.5	3.5	-4	82	6.8	12
1998	-1	-2	3	5.5	8	10	9.5	10	11	7	4.5	1.5	67	5.6	12
1999	-1	0	3	7	8	9	9	8	5	2	0	0	50	4.2	12
2000	0	0	4	5	6	9	5	6	6	4	4	0	49	4.1	12
2001	0	2	2	5	5	9	8	8	8	2	2	2	53	4.4	12
2002	0	0	0	5	4	5	4	7	4	4	5	3	41	3.4	12
2003	0	4	4	4	6	4	7	7	7	5	4	0	52	4.3	12
2004	0	1	4	4	6	6	7	7	9	8	3	5	60	5	12
2005	2	4	6	8	9	10	10	8	7	5	3	7	79	6.6	12
2006	5	7	7	10	7	7	9	10	8	12	1	4	87	7.2	12
2015	1	1	7	10	7	7	2	10	3	3	8	2	61	5.1	12
2016	4	5	9	7	7	8	8	9	10	6	6	5	84	7	12
2017	0	0	5	7	10	12	9	9	5	5	0	0	62	5.2	12
2018	0	4	5	9	10	9	9	10	9	10	0	0	75	6.2	12
2019	2	3	5	9	10	12	2	0	3	7	8	1	62	5.2	12
MÍNIMA	-5	-2	-5	1	3	4	2	0	3	0.5	-2	-4	29	2.6	
MÁXIMA	10	10	10	11	16	12	11	10	11	12	11	11	119	9.9	
MEDIA	1.9	2.8	4.2	6.4	7.7	8	7.9	8.1	7.1	5.2	3.5	2.5	63.1	5.5	
DESV.ST	3.6	3.6	3.3	2.6	2.5	2.1	2.4	2.1	2.1	2.9	3.5	3.7	21.1	1.7	

TEMPERATURA MÍNIMA PROMEDIO
AÑO	ENE	FEB	MAR	ABR	MAY	JUN	JUL	AGO	SEP	OCT	NOV	DIC	ACUM	PROM	MESES
1982	3.5	3.9	7	7.5	7	9.3	11.2	10.7	11.7	10.1	10.2	11	103.1	8.6	12
1983	8.6	7.8	9.4	13.8	14	12.7	12.2	11.5	11.9	10.6	9	7.2	128.7	10.7	12
1984	5.3	6.6	9	11.9	11.4	11.3	11.6	11.5		9.8	5.3	5.5	99.2	9	11
1985	4.9	5.5	8.4	9.4	10	11.3	10.7	10.8	10.1	9.2	6.2	6.4	102.9	8.6	12
1986	6	5.7	4.2	8.7	11.6	11.3	12	7.5	11.4	9.4	7.4	4.8	100	8.3	12
1987	3.7	4.8	7.6	8	10.2	11.1	12.2		10.8	5.5	6	5.6	85.5	7.8	11
1988	2.8	5.8	6.6	9.5	11.1	11.6	12.2	11.8	10.4	7.2	6.2	5.4	100.6	8.4	12
1989	6.1	6.1	6.1	7.6	10.6	12.6	11.9	12.3	11.2	6.7	7	5.9	104.1	8.7	12
1990	6.6	7.1	8.2	10.8		12.1	13.6	11.9	12	10.7	7.8	5.7	106.5	9.7	11
1991	6.3	6.4	9.2	11.9	10.6	10.9	11.1	11.6	11.7	9.3	6.4	6.5	111.9	9.3	12
1992						11.1	11.4	11.7	11.4	9.4			55	11	5
1993				9.8	10.3	12.4	11.9	11.1	11.2	12			78.7	11.2	7
1994	10.1	12.1	13.4	14.2	15.8	9.6	11.5	8	8.5	15.6	13.7	11.9	144.4	12	12
1995	12.7	13	14	16.4	19.7	10.8	11.3	10.9	11.2	13.3	12.7	13.3	159.3	13.3	12
1996	13.4	13.3	12.4	13.8	14.9	15.8	15.9	16.7	13.5	11	15	14.5	170.2	14.2	12
1997	14.7	17	15.2	18	13.7	16.5	12.1	10.9	10.8	8.9	8.3	5	151.1	12.6	12
1998	3.9	4.9	7.1	9.8	12.2	13.1	11.7	11.8	12.8	10.5	8.4	5.5	111.7	9.3	12
1999	3.4	3	8.1	11.1	11.8	12	11.1	11	10	7.1	3.9	4	96.5	8	12
2000	3.2	4.2	7.1	8.9	10.3	10.9	10.1	9.8	9.2	8.7	8.7	4.6	95.7	8	12
2001	5	4.4	5.3	8.6	9.5	10.6	9.7	10.4	10.8	6.3	5.2	5.1	90.9	7.6	12
2002	4.4	4.5	7.6	8.2	8.8	7.8	7.7	10.4	9	7.3	7.2	6.9	89.8	7.5	12
2003	4.3	7.2	7.6	7.7	10.4	7.5	9.6	9.5	10.2	9.2	6.8	2.8	92.8	7.7	12
2004	2.7	6.2	6.9	8.5	9.2	10.7	10.2	10.8	11.2	10.5	8.7	9.9	105.5	8.8	12
2005	7	8.4	10.9	11.8	13.3	13.4	12.4	11.3	10.7	9.7	8	9.7	126.6	10.6	12
2006	9.3	11.7	11.3	13.1	10.5	10.6	11.8	12.2	12.5	13.8	9.8	8.2	134.8	11.2	12
2015	4	9.3	11.3	13.1	10.5	10.6	5.4	12.2	6.5	9.4	11.7	7.6	111.6	9.3	12
2016	6.9	8.3	13	12.3	12.4	12.8	10.7	12.2	12.7	11.6	9.4	8.8	131.1	10.9	12
2017	4.8	6.3	7.8	11.3	14.4	14	11.3	12.1	9.9	10	6.7	4.2	112.8	9.4	12
2018	2.7	8.6	10.5	12.7	13.2	12.2	12.4	11.6	11.5	12.4	6.6	3.1	117.5	9.8	12
2019	4	7.2	9.2	12.1	15.6	14	5.4	6.3	6.5	12.5	11.7	8.5	113	9.4	12
MÍNIMA	2.7	3	4.2	7.5	7	7.5	5.4	6.3	6.5	5.5	3.9	2.8	55	7.5	
MÁXIMA	14.7	17	15.2	18	19.7	16.5	15.9	16.7	13.5	15.6	15	14.5	170.2	14.2	
MEDIA	6.1	7.5	9.1	11.1	11.9	11.7	11.1	11.1	10.7	9.9	8.4	7.1	111	9.7	
DESV.ST	3.3	3.3	2.7	2.7	2.6	1.9	2.1	1.8	1.6	2.3	2.7	3	24.3	1.7	

TEMPERATURA MEDIA MENSUAL
AÑO	ENE	FEB	MAR	ABR	MAY	JUN	JUL	AGO	SEP	OCT	NOV	DIC	ACUM	PROM	MESES
1982	13.5	14.2	16.6	19.2	17.8	19.5	18.2	17.9	18.4	16.5	16.4	15.9	204.1	17	12
1983	13.9	14.8	17.5	22	22.8	21.1	17.9	17.9	17.6	17.3	15.9	14.8	213.5	17.8	12
1984	12.6	14.6	18.1	21.2	19.8	19.1	17	17.7		16.6	14	13.5	184.2	16.7	11
1985	13	14	17	17.6	18.5	17.4	16.3	17.2	17.2	16.7	14.9	13.9	193.7	16.1	12
1986	13.4	14.8	14.5	19.6	21.4	17.9	17.6	15.3	17.7	15.9	14.6	13.1	195.8	16.3	12
1987	12.9	13.6	16	17.2	19.1	18.1	17.4		18.1	14	14.5	14.5	175.4	15.9	11
1988	11.8	15.2	15.4	18.7	20.7	19.2	18.1	17.4	16	14.2	13.4	13.6	193.7	16.1	12
1989	14.5	14.1	15.7	17.2	19.8	19.9	18.2	17.8	16.7	15.2	15.6	13.4	198.1	16.5	12
1990	14.3	14.7	16.5	19.5		19.4	18.3	17.1	17.3	16.8	14.9	13.7	182.5	16.6	11
1991	14.3	15.1	19	20.9	18.5	18.6	18.6	18	17.2	15.1	13.8	13.7	202.8	16.9	12
1992						18.2	17.8	17.2	17.5	15.5			86.2	17.2	5
1993				18.1	19.1	19.2	17.7	17.4	18	17.1			126.6	18.1	7
1994	16.6	18.3	20.1	20.9	21.9	17.1	18.2	15.5	15.5	19.9	19.3	17.7	221	18.4	12
1995	17	18.7	20.7	22.8	25.1	18.9	18.3	17.6	18.1	19.8	19.5	18.8	235.3	19.6	12
1996	18.7	19.8	18.8	20.9	22.9	21.7	21.7	22.2	19.3	17.6	18.4	19	241	20.1	12
1997	18.7	21.5	20.2	22.7	20.4	22.3	19.3	18.8	18.2	16.2	16	13.8	228.1	19	12
1998	13.4	14.5	17.3	20.3	22.2	21.6	18.8	18	18	15.7	15.9	13.9	209.6	17.5	12
1999	12.5	12.4	16.6	20.3	20.6	19.4	17.3	17.8	16.2	14.4	12.7	12.4	192.6	16	12
2000	12.7	13.9	16.9	18.1	19.3	17.4	17.8	16.7	16.6	16.1	16.2	12.2	193.9	16.2	12
2001	13	12.4	13.9	17.5	17.6	18	17.2	17.7	17	14.7	13.6	13.8	186.4	15.5	12
2002	13.2	13.3	16.1	17.4	17.9	17.1	16.1	18.3	15.8	15.8	14.8	14.2	190	15.8	12
2003	12.7	15.5	16	16.1	19.4	15.7	16.8	17	17	16.2	14.9	12.2	189.5	15.8	12
2004	12.5	14.4	16.1	18.6	18.7	17.9	18.1	17.7	17.7	17.5	16.4	15.9	201.5	16.8	12
2005	14.6	16.2	19	20.9	21.6	20.8	19.2	18	17.5	16.3	15.3	16.2	215.6	18	12
2006	16.2	17.5	18.3	19.7	18.5	17.7	18.3	18.1	18.1	18.8	15.7	15.4	212.3	17.7	12
2015	12.8	16.9	18.3	19.7	18.5	17.7	15.2	19.1	15.1	17.7	17.9	15.1	204	17	12
2016	14.5	16.1	18.9	19.2	20.1	18.8	16.8	18.2	18.1	18.7	16.8	16.7	212.9	17.7	12
2017	13.4	15.1	16.7	21.6	24.2	23.4	18.3	18.6	16	17	15.3	13	212.6	17.7	12
2018	11.5	16.6	20.2	22.1	22.8	19.9	19.2	19.3	18	18.4	12.9	11.7	212.6	17.7	12
2019	12.8	17.2	19.8	21.5	24.5	23.4	13	16.4	14.6	18.1	17.9	15.1	214.3	17.9	12
MÍNIMA	11.5	12.4	13.9	16.1	17.6	15.7	13	15.3	14.6	14	12.7	11.7	86.2	15.5	
MÁXIMA	18.7	21.5	20.7	22.8	25.1	23.4	21.7	22.2	19.3	19.9	19.5	19	241	20.1	
MEDIA	14	15.6	17.5	19.7	20.5	19.2	17.8	17.8	17.2	16.7	15.6	14.5	197.7	17.2	
DESV.ST	1.9	2.1	1.8	1.8	2.1	1.9	1.5	1.2	1.1	1.5	1.8	1.9	29.6	1.1	
