 COMISIÓN NACIONAL DEL AGUA
 COORDINACIÓN GENERAL DEL SERVICIO METEOROLÓGICO NACIONAL
 PROYECTO DE BASES DE DATOS CLIMATOLÓGICOS

 ESTACIÓN  : 22070 
 NOMBRE    : PLANTEL 7 



LLUVIA MÁXIMA 24H
AÑO	ENE	FEB	MAR	ABR	MAY	JUN	JUL	AGO	SEP	OCT	NOV	DIC	ACUM	PROM	MESES
1996				0	10	36	22	13	49.5	30.5	10.8		171.8	21.5	8
1997				35	23	50	21		10.7	20	26.4		186.1	26.6	7
1998		12.2	1.2		0.3	36.4	12	33	53		36.3		184.4	23	8
1999		93.5	2	2	2.5	28	28	20	6.4	5	0	0.4	187.8	17.1	11
2000	0	0	0.8	5.5	6.1	43.6	54	30	26.8	5.9	6	1.6	180.3	15	12
2001	3.8	10.5	1.5	0	6.2	32.3	49	56.5	18.3	18.2	1.3	0	197.6	16.5	12
2002	0	0	0	0	14.5	5.6	66.9	33.5	25.1	27.5	17.5	0	190.6	15.9	12
2003	11	0	0	1	13.7	34.8	73	38.5	92	9.9	1.2	0	275.1	22.9	12
2004	4.8	1.6	19	0	53.6	24	24	72.4	53.8	22.9	0	1.6	277.7	23.1	12
2005	3.8	6.9	4	4	1.5	1.2	23.3	69	21.2	7.4	0	0	142.3	11.9	12
2006	21.2	0	8.7		8	12.5	28.5	70.4	18.8	22.9	21	0	212	19.3	11
2007	3.8	26.7	1.6	8.9									41	10.2	4
2008	0.3	2.8	0	7	7.8	40	40.1	27.3	23.8				149.1	16.6	9
2009	7	0	11		9.3	47	11	46.3	128.9	24.5	0	7.8	292.8	26.6	11
2010	0			10	2.2	104.4	15.3	20.5	36.8	1.2	0	0	190.4	19	10
2011	0	0	0	0	1.1	51	11	15.3	44				122.4	13.6	9
2012				0	9.3	31.7	60.5	16.2	32.8	4.5	15	1.7	171.7	19.1	9
2013	0	0	3.7	0.4	70	51.3	74.5	21	16	17.8	12.7	0	267.4	22.3	12
2014	1.5	0	0	13.5	13.8	60	36	19.2	16	4.7	1.9	0	166.6	13.9	12
2015	0	14.5	80.5	15.2	33	34	13		36	23	6.5	2.7	258.4	23.5	11
2016	6.2	0	20	0	33	29.5	38.8	69	21.2	1	3.3	0	222	18.5	12
2017	0	0.4	8.9	7.5	24	32.3	15	19.2	29.9	1	0	0	138.2	11.5	12
2018	9.8	8.6	0	14.8	5.4	22.5	18.4	17.4	20.3	19.6	17.4	0.2	154.4	12.9	12
2019	0	0	0.7	0	20.8	15.9	23.6	17.4	17.5	6.1	3.6	3.4	109	9.1	12
MÍNIMA	0	0	0	0	0.3	1.2	11	13	6.4	1	0	0	41	9.1	
MÁXIMA	21.2	93.5	80.5	35	70	104.4	74.5	72.4	128.9	30.5	36.3	7.8	292.8	26.6	
MEDIA	3.9	8.9	8.2	5.9	16	35.8	33	34.5	34.7	13.7	8.6	1.1	187	17.9	
DESV.ST	5.5	21.1	18.1	8.5	17.4	21	20.5	20.8	27.7	9.9	10.3	2	59	5.1	

LLUVIA TOTAL MENSUAL
AÑO	ENE	FEB	MAR	ABR	MAY	JUN	JUL	AGO	SEP	OCT	NOV	DIC	ACUM	PROM	MESES
1996				0	15	90.7	41.6	48.8	193	57	20.6		466.7	58.3	8
1997				101.3	42.3	123.1	32.9		11.3	40.3	31.2		382.4	54.6	7
1998		12.2	1.2		0.3	107.3	20.6	187.4	203.8		43.8		576.6	72.1	8
1999		188.1	2	2	3.5	58.2	58.9	55.5	10.2	5	0	0.4	383.8	34.9	11
2000	0	0	0.8	5.5	7.5	140.9	88.7	61.1	50.7	6.4	10.9	1.6	374.1	31.2	12
2001	3.8	10.5	1.5	0	11.5	158.5	212.4	155.9	43.2	22.4	1.3	0	621	51.8	12
2002	0	0	0	0	27.32	12.1	86.5	79.1	105.7	53.43	31.71	0	395.86	33	12
2003	17.72	0	0	1	22.2	86.23	146.01	120.71	271.75	35.02	1.21	0	701.85	58.5	12
2004	10.1	2.4	34.7	0	70.32	98.63	98.63	212.8	186.62	43.42	0	1.6	759.22	63.3	12
2005	3.8	7.8	9.92	4	1.52	1.21	112.4	131.93	24.3	19.01	0	0	315.89	26.3	12
2006	23.7	0	8.71		14.1	42.6	89.9	185.9	76.94	46.73	22.8	0	511.38	46.5	11
2007	4.6	43.7	2.4	8.9									59.6	14.9	4
2008	0.3	2.8	0	14.5	14.5	79.4	136.41	191.12	68.22				507.25	56.4	9
2009	7.3	0	11		26.5	90.7	27.01	94.9	185.61	39.4	0.01	12.1	494.53	45	11
2010	0			12.4	2.9	118.1	33.4	44.1	81.9	1.2	0	0	294	29.4	10
2011	0	0	0	0	1.1	131.6	27.6	40.5	99.2				300	33.3	9
2012				0	13.6	64.2	187.5	46.6	67.2	4.5	23	1.7	408.3	45.4	9
2013	0	0	3.7	0.4	103.2	122.3	99	37	81.8	40.6	21.1	0	509.1	42.4	12
2014	1.5	0	0	15	35.5	172.5	90.7	27	59.3	16.1	1.9	0	419.5	35	12
2015	0	16.2	98	30	103.6	144.5	26.9		92	59.1	10.2	2.7	583.2	53	11
2016	8.4	0	42	0	103.6	98.5	170.5	131.9	24.3	1.41	5.6	0	586.21	48.9	12
2017	0	0.6	21.71	9.5	31.8	96.6	75.6	71.5	132.1	3	0	0	442.41	36.9	12
2018	9.8	15.5	0	17.2	7.8	158.8	44.2	40.9	96.8	23.9	44.7	0.2	459.8	38.3	12
2019	0	0	0.91	0	22	59.1	73.3	43.2	52.2	16.9	4.5	3.4	275.51	23	12
MÍNIMA	0	0	0	0	0.3	1.21	20.6	27	10.2	1.2	0	0	59.6	14.9	
MÁXIMA	23.7	188.1	98	101.3	103.6	172.5	212.4	212.8	271.75	59.1	44.7	12.1	759.22	72.1	
MEDIA	4.8	15	11.9	10.6	29.6	98.1	86.1	95.6	96.4	26.7	13.1	1.3	451.2	43	
DESV.ST	6.7	42.1	23.5	22.3	33.3	44.9	54.6	60.9	69	19.9	15	2.9	150.6	13.9	

EVAPORACIÓN MENSUAL
AÑO	ENE	FEB	MAR	ABR	MAY	JUN	JUL	AGO	SEP	OCT	NOV	DIC	ACUM	PROM	MESES
1996				134.66	113.6	129.13					27.89		405.28	101.3	4
1997				127.37	74.26	21.35	148.62		92.63	68.96	56.69		589.88	84.3	7
1998		134.49			103.99	143.63	6.2	44.18	105.51		70.42		608.42	86.9	7
1999	8.4	26	97	79	90	73	127.75	65	67				633.15	70.3	9
2000		54	116	98	123	148.18		132.73	83.22	104.16	111.87	111.6	1082.76	108.3	10
2001	96.35	114.95	135.35	120.18	150.09	157.78	151.29	182.99	189.32	203.37	178.92	142.2	1822.79	151.9	12
2002								13.7					13.7	13.7	1
2004								134.58	153.35	149.39	75.15	76.87	589.34	117.9	5
2005	108.81	67.13	163.95	162.95	176.4	171.14	200.16	129.29	109.88	117	75.35	99.92	1581.98	131.8	12
2006	70.76	83.7	97.54								102.78	109.23	464.01	92.8	5
2007	151.08	133.78	117.41	150.01									552.28	138.1	4
2008	58.93	77.07	90.33	136.57	158.26	135.21	138.01	145.68	95.11				1035.17	115	9
2009									148.7				148.7	148.7	1
2010	73.2			105.69	87.52	90.64	114.93	76.32	93.41	116.01	121.83	127.2	1006.75	100.7	10
2011	142.91	117.48	135.03	138.9	146.49	155.09	166.34	152.66	154.05				1308.95	145.4	9
2012				146.16	160.76	153.14	168.44	147.76	152.71	118.97	100.12	84.91	1232.97	137	9
2013	65.34	141.38	163.22	210.21	222	198.26	146.46	149.64	137.72	153.91	158.54	95.87	1842.55	153.5	12
2014	100.62	71.2	192.99	179.61	187.79	186.06	120.54	105.9	108.47	89.54	116.76	93.17	1552.65	129.4	12
2015	117.72	102.65	111.95	125.76	145.66	121.28	141.2	125.33	114.16	114.72	63.7	79.52	1363.65	113.6	12
2016	92.4	119.73	133.53		145.66	169.14	166.33	125.7	109.68	84.56	60.51	60.43	1267.67	115.2	11
2017	100.47	102.84	151.15	153.27	190.52	148.8	138.81	129.1	122.75	96.51	70.87	57.2	1462.29	121.9	12
2018	86.07	81.68	154.21	169.25	176.96	180.18				97.6	81.35	69.24	1096.54	121.8	9
2019	92.89	111.45	146.66	158.96	171.24	118.93	117.88	137.06	114.06	94.14	95.4	87.63	1446.3	120.5	12
MÍNIMA	8.4	26	90.33	79	74.26	21.35	6.2	13.7	67	68.96	27.89	57.2	13.7	13.7	
MÁXIMA	151.08	141.38	192.99	210.21	222	198.26	200.16	182.99	189.32	203.37	178.92	142.2	1842.55	153.5	
MEDIA	91.1	96.2	133.8	141	145.8	138.9	136.9	117.5	119.5	114.9	92.2	92.5	1004.7	113.9	
DESV.ST	34.7	32.2	29	31.6	40.2	43.2	42.7	43.5	30.8	34.4	37.8	24.3	521.3	31.2	

TEMPERATURA MÁXIMA EXTREMA
AÑO	ENE	FEB	MAR	ABR	MAY	JUN	JUL	AGO	SEP	OCT	NOV	DIC	ACUM	PROM	MESES
1996				29	29	29	32	34	32	32	30		247	30.9	8
1997				45	38	41	35		36	39	29		263	37.6	7
1998		30	32										62	31	2
1999							31		32	27	25	24	139	27.8	5
2000	27	28	29	31	32	31	30	30	30	28	27	27	350	29.2	12
2001	27	27	32	32	34	31	31	31	28	29	26	26	354	29.5	12
2002	26	27	30	31	34	29	30	30	28	27	28	27	347	28.9	12
2003	25	29	31	33	35	32	30	29	28	26	26	26.5	350.5	29.2	12
2004	25.5	26	29	28	32	29	29	29	29	28	27	27	338.5	28.2	12
2005	28	28	28	30	33.3	36	33	30	29	28	28	27	358.3	29.9	12
2006	25	28	31		32	35	34	29	28	29	27	25	323	29.4	11
2007	26	28	30	30									114	28.5	4
2008	28	29	28	33	35	33	31	31	29				277	30.8	9
2009	27	28	30		36	35	31	32	28	30	27	28	332	30.2	11
2010	25			30	30	30	29	29	29	28	27	26	283	28.3	10
2011	25	26	25	29	30	27	29	27	29				247	27.4	9
2012				34	37	34	34	37	35	35	29	27	302	33.6	9
2013	29	33	34	36	36	36	33	33	32	34	34	25	395	32.9	12
2014	27	27	34	33	33	33	32	31	30	29	28	25	362	30.2	12
2015	27	31	29	29	30	29	31	28	28	32	29	24	347	28.9	12
2016	28	33	34	28	30	32	29	30	29	34	31	29	367	30.6	12
2017	30	32	33	34	36	34	37	38	37	32	30	24	397	33.1	12
2018	25	29	35	33	35	38	30	29	28	28	26	26	362	30.2	12
2019	26	29	33	33	34	32	30	32	29	29	28	27	362	30.2	12
MÍNIMA	25	26	25	28	29	27	29	27	28	26	25	24	62	27.4	
MÁXIMA	30	33	35	45	38	41	37	38	37	39	34	29	397	37.6	
MEDIA	26.7	28.8	30.9	32	33.4	32.7	31.4	31	30.1	30.2	28.1	26.1	303.3	30.3	
DESV.ST	1.5	2.1	2.6	3.8	2.6	3.4	2.2	2.8	2.7	3.3	2.1	1.4	88	2.2	

TEMPERATURA MÁXIMA PROMEDIO
AÑO	ENE	FEB	MAR	ABR	MAY	JUN	JUL	AGO	SEP	OCT	NOV	DIC	ACUM	PROM	MESES
1996				25.1	25.8	25.5	28.9	29.9	29.4	28.8	24.5		217.9	27.2	8
1997				32.6	30	37.9	31.7		28.7	25	24.3		210.2	30	7
1998		27.7	29.4										57.1	28.5	2
1999							27.3		24.2	22.5	22	20.1	116.1	23.2	5
2000	22.4	24.5	26.5	28.7	29.6	27.2	27	27.5	27	25	24.4	22.7	312.5	26	12
2001	23.7	25.7	26.8	27.5	30.4	28	27.5	27.6	26	25.1	22.2	21.7	312.2	26	12
2002	23.8	24.2	27.6	27.7	31.1	27.3	26.8	27.3	25.2	25.6	23.7	23.3	313.6	26.1	12
2003	22.4	25.4	26	29.8	30.5	27.4	27	27	24.8	23.2	23.8	22.8	310.1	25.8	12
2004	20.8	22.6	25.5	25.7	29.4	26.7	26.7	26.5	24.6	25	24.7	25.1	303.3	25.3	12
2005	23.8	24.8	24.8	27.6	31.2	30.1	29.2	26.9	26.5	25.1	24.9	23.9	318.8	26.6	12
2006	22.5	24.8	26.5		29.1	31.1	30.2	26.4	24.4	24.7	23.1	22.4	285.2	25.9	11
2007	22.1	24.3	26.8	27.7									100.9	25.2	4
2008	23.8	24.9	24.5	28.1	30.7	28.8	27	27.5	25.1				240.4	26.7	9
2009	22.3	24	27.1		30.4	30.1	28	28.9	25.7	25.2	22.2	23.2	287.1	26.1	11
2010	22.7			27	27.7	28.2	26.1	27	27	25.8	23.9	23.3	258.7	25.9	10
2011	22.5	23.9	22.1	26.7	27.7	23.3	26.5	25	27.3				225	25	9
2012				30.7	32.8	31.5	30.8	33.8	32.2	31.6	25.9	23.7	273	30.3	9
2013	26.4	30.7	31.8	32.1	32.3	31.6	29	29	28.6	30.9	31	20	353.4	29.4	12
2014	23.8	23.6	30	30.2	29.9	29.4	26.6	27	26.6	25.9	23.8	21.8	318.6	26.6	12
2015	24	27.3	26.3	26.5	27.8	25.9	28	25.4	25.3	28.7	26	21.6	312.8	26.1	12
2016	23	29.8	29.8	25.7	27.8	29.6	26.8	26.9	26.5	29.5	23.8	23.7	322.9	26.9	12
2017	26.6	27.3	28.1	31.9	33.1	30.8	31.8	32	32.2	26.3	25	20.4	345.5	28.8	12
2018	21.8	25.3	30.7	31.4	30.7	27.3	27.4	25.7	25.4	24	22.1	22.4	314.2	26.2	12
2019	22.6	26.3	29.1	30.4	31.7	28	27.4	28.3	27.2	26.2	25.6	23.3	326.1	27.2	12
MÍNIMA	20.8	22.6	22.1	25.1	25.8	23.3	26.1	25	24.2	22.5	22	20	57.1	23.2	
MÁXIMA	26.6	30.7	31.8	32.6	33.1	37.9	31.8	33.8	32.2	31.6	31	25.1	353.4	30.3	
MEDIA	23.2	25.6	27.3	28.7	30	28.8	28.1	27.8	26.8	26.2	24.3	22.5	268.1	26.7	
DESV.ST	1.4	2.1	2.4	2.3	1.9	3	1.7	2.1	2.2	2.4	2	1.4	78.8	1.7	

TEMPERATURA MÍNIMA EXTREMA
AÑO	ENE	FEB	MAR	ABR	MAY	JUN	JUL	AGO	SEP	OCT	NOV	DIC	ACUM	PROM	MESES
1996				10	8	10	10	11	13	12	12		86	10.8	8
1997				3	9	12	15		9	1	2		51	7.3	7
1998		8	7										15	7.5	2
1999		0	2	9	10	12	9	11	9	1	2	1	66	6	11
2000	-1	2	6	8	11	11	11	10	9	9	7	3	86	7.2	12
2001	3	5	8	9	11	10	10	10	10	7	5	4	92	7.7	12
2002	3	4	10	10	8	10	7	9	8	10	0	0	79	6.6	12
2003	0	5	7	6	9	11	11	11	10	7	4	1	82	6.8	12
2004	1	5	6	6	7	10	10	11	10	7	4	3	80	6.7	12
2005	2	4	4	9	7	11	11	12	9	5	1	2	77	6.4	12
2006	3	5	5		7	10	8	10	10	10	3	3	74	6.7	11
2007	4	5	6	8									23	5.8	4
2008	1	2	2	7	9	12	10	12	6				61	6.8	9
2009	1	1	3		11	11	12	10	12	9	3	3	76	6.9	11
2010	6			7	7	12	11	11	11	7	8	4	84	8.4	10
2011	4	6	5	10	12	10	12	11	12				82	9.1	9
2012				6	9	10	12	11	8	5	6	4	71	7.9	9
2013	5	5	5	11	13	13	13	13	12	6	4	3	103	8.6	12
2014	0	0	6	12	11	11	11	11	10	7	2	3	84	7	12
2015	4	4	6	7	10	8	12	9	10	8	9	5	92	7.7	12
2016	4	3	8	6	10	12	10	12	9	8	6	4	92	7.7	12
2017	1	1	1	7	10	14	10	8	9	4	2	0	67	5.6	12
2018	-2	5	8	8	9	12	11	10	12	12	1	0	86	7.2	12
2019	1	6	8	7	10	9	11	11	11	9	8	2	93	7.8	12
MÍNIMA	-2	0	1	3	7	8	7	8	6	1	0	0	15	5.6	
MÁXIMA	6	8	10	12	13	14	15	13	13	12	12	5	103	10.8	
MEDIA	2.1	3.8	5.7	7.9	9.5	11	10.8	10.7	10	7.2	4.4	2.5	75.1	7.3	
DESV.ST	2.1	2.2	2.3	2.1	1.7	1.4	1.7	1.2	1.6	3	3.1	1.5	20.7	1.1	

TEMPERATURA MÍNIMA PROMEDIO
AÑO	ENE	FEB	MAR	ABR	MAY	JUN	JUL	AGO	SEP	OCT	NOV	DIC	ACUM	PROM	MESES
1996				12.8	12.4	12.4	12.8	14.7	16	15.4	15.2		111.7	14	8
1997				12.8	12.9	15.3	17.6		10.9	7.3	6.9		83.7	12	7
1998		10.2	11.1										21.3	10.6	2
1999		4	9.5	12.1	13.2	16.5	12	14.4	13.1	8.9	6.2	2.4	112.3	10.2	11
2000	3.6	6.1	9.2	11.3	12.3	13.9	13.3	12.8	11.4	10.5	9.3	7.4	121.1	10.1	12
2001	7.1	8	11.1	13.2	13.3	12.7	12.4	12.1	12.7	11	9.1	8	130.7	10.9	12
2002	5.6	5.9	11.2	11.3	11	11.3	10	10.7	12.5	11.6	7.2	3.4	111.7	9.3	12
2003	5.3	7.6	10.4	12.3	13.5	13.8	13.1	13.3	13	10.3	8.7	2.9	124.2	10.3	12
2004	4.7	6.8	10.3	10.3	11.3	12.7	12.7	12.7	12.5	11	7.6	6.6	119.2	9.9	12
2005	5	6.7	9	11.6	11	13.5	13.3	13.9	12.9	11	6.9	5.4	120.2	10	12
2006	5.6	7.6	9		10.2	11.6	11.2	13.5	12.3	12	9.2	7.2	109.4	9.9	11
2007	6.2	7.2	9.7	10.8									33.9	8.5	4
2008	3.9	4.9	6.1	9.8	11.6	13.5	12.9	13.3	13				89	9.9	9
2009	4.8	5.4	8		12.7	13.4	14.2	12.2	14	12	7.3	5.2	109.2	9.9	11
2010	9.3			10.1	11.1	13.4	14.9	13.5	14.3	11.4	12	7.3	117.3	11.7	10
2011	6.6	8.6	9	12.9	14	12.4	14.6	13.2	14.7				106	11.8	9
2012				9	12.4	13.1	13.5	13.2	11.7	10	9.7	7.5	100.1	11.1	9
2013	7.3	7.7	8.9	13	14.8	15	14.3	14.1	14.7	11	9.9	6.1	136.8	11.4	12
2014	5.1	5.3	9.1	14	14.7	14	13.1	12.3	12.2	11.9	8.8	6.6	127.1	10.6	12
2015	6	7.2	9.8	9.5	12.4	10.5	14.3	11.6	13.6	11.2	11.5	7.5	125.1	10.4	12
2016	7	6.1	10.7	10.3	12.4	14.2	12.7	13.9	12.9	12	8.8	7.7	128.7	10.7	12
2017	4.4	6.3	8	10.2	13.2	15.1	12.7	12	12.5	11.8	7.4	6.2	119.8	10	12
2018	4.3	10	11.4	11.4	12.2	13.6	13.4	12.8	13.7	13.9	9.9	5.9	132.5	11	12
2019	5.8	9.2	10.1	10.5	12.3	12.2	13.1	13	12.6	11.7	11.1	5.9	127.5	10.6	12
MÍNIMA	3.6	4	6.1	9	10.2	10.5	10	10.7	10.9	7.3	6.2	2.4	21.3	8.5	
MÁXIMA	9.3	10.2	11.4	14	14.8	16.5	17.6	14.7	16	15.4	15.2	8	136.8	14	
MEDIA	5.7	7	9.6	11.4	12.5	13.4	13.3	13	13.1	11.3	9.1	6.1	109.1	10.6	
DESV.ST	1.4	1.6	1.3	1.4	1.2	1.4	1.5	1	1.2	1.6	2.1	1.7	28.3	1.1	

TEMPERATURA MEDIA MENSUAL
AÑO	ENE	FEB	MAR	ABR	MAY	JUN	JUL	AGO	SEP	OCT	NOV	DIC	ACUM	PROM	MESES
1996				19	19.1	18.9	20.8	22.3	22.7	22.1	19.8		164.7	20.6	8
1997				22.7	21.5	26.6	24.6		19.8	16.2	15.6		147	21	7
1998		18.9	20.3										39.2	19.6	2
1999							19.6		18.7	15.7	14.1	11.2	79.3	15.9	5
2000	13	15.3	17.8	20	21	20.5	20.2	20.1	19.2	17.8	16.8	15.1	216.8	18.1	12
2001	15.4	16.9	19	20.3	21.8	20.3	20	19.8	19.3	18.1	15.6	14.8	221.3	18.4	12
2002	14.7	15.1	19.4	19.5	21	19.3	18.4	19	18.8	18.6	15.5	13.4	212.7	17.7	12
2003	13.9	16.5	18.2	21	22	20.6	20.1	20.2	18.9	16.8	16.2	12.8	217.2	18.1	12
2004	12.8	14.7	17.9	18	20.4	19.7	19.7	19.6	18.5	18	16.2	15.8	211.3	17.6	12
2005	14.4	15.8	16.9	19.6	21.1	21.8	21.3	20.4	19.7	18.1	15.9	14.6	219.6	18.3	12
2006	14.1	16.2	17.7		19.7	21.3	20.7	19.9	18.4	18.4	16.1	14.8	197.3	17.9	11
2007	14.1	15.8	18.2	19.3									67.4	16.9	4
2008	13.8	14.9	15.3	18.9	21.1	21.2	20	20.4	19.1				164.7	18.3	9
2009	13.5	14.7	17.6		21.5	21.8	21.1	20.6	19.8	18.6	14.8	14.2	198.2	18	11
2010	16			18.6	19.4	20.8	20.5	20.2	20.6	18.6	18	15.3	188	18.8	10
2011	14.5	16.2	15.5	19.8	20.8	17.8	20.5	19.1	21				165.2	18.4	9
2012				19.8	22.6	22.3	22.1	23.5	21.9	20.8	17.8	15.6	186.4	20.7	9
2013	16.9	19.2	20.4	22.5	23.5	23.3	21.6	21.5	21.7	21	20.4	13	245	20.4	12
2014	14.4	14.4	19.6	22.1	22.3	21.7	19.9	19.7	19.4	18.9	16.3	14.2	222.9	18.6	12
2015	15	17.2	18	18	20.1	18.2	21.2	18.5	19.4	20	18.7	14.5	218.8	18.2	12
2016	15	18	20.3	18	20.1	21.9	19.7	20.4	19.7	20.7	16.3	15.7	225.8	18.8	12
2017	15.5	16.8	18.1	21	23.2	23	22.3	22	22.3	19	16.2	13.3	232.7	19.4	12
2018	13.1	17.7	21	21.4	21.5	20.4	20.4	19.3	19.5	18.9	16	14.2	223.4	18.6	12
2019	14.2	17.7	19.6	20.4	22	20.1	20.2	20.6	19.9	19	18.4	14.6	226.7	18.9	12
MÍNIMA	12.8	14.4	15.3	18	19.1	17.8	18.4	18.5	18.4	15.7	14.1	11.2	39.2	15.9	
MÁXIMA	16.9	19.2	21	22.7	23.5	26.6	24.6	23.5	22.7	22.1	20.4	15.8	245	21	
MEDIA	14.4	16.4	18.5	20	21.2	21	20.7	20.4	19.9	18.8	16.7	14.3	187.2	18.6	
DESV.ST	1	1.4	1.6	1.4	1.2	1.9	1.2	1.2	1.2	1.6	1.6	1.2	54.6	1.2	
